%YAML:1.0
---
format_version: outer_detection_cache_v1
absolute_image_path: "/Users/linzhaoxian/lzx-ws/project/calibr/tartancalib/image/dataset_4-22/right_record_20260421_141444_first20/right_vimbax_camera_right_image_raw_000016_1581599784200.png"
image_file_size: 6417042
image_mtime: 1776752092
detector_config_hash: d0b7f3cbd8257968
image_size:
   - 4512
   - 4512
requested_board_ids:
   - 1
   - 2
   - 3
   - 4
   - 5
detections:
   -
      success: 1
      board_id: 1
      detected_tag_id: 1
      quality: 0.99331906050203012
      failure_reason: 0
      failure_reason_text: None
      coarse_corners_original_image:
         -
            - 1958.822265625
            - 2517.040283203125
         -
            - 2505.3349609375
            - 2547.639404296875
         -
            - 2532.895263671875
            - 2003.34619140625
         -
            - 1989.302978515625
            - 1974.18359375
      refined_corners_original_image:
         -
            - 1957.192626953125
            - 2517.46435546875
         -
            - 2507.2041015625
            - 2547.8564453125
         -
            - 2531.3916015625
            - 2006.675048828125
         -
            - 1986.095458984375
            - 1979.2030029296875
      refined_valid:
         - 1
         - 1
         - 1
         - 1
   -
      success: 1
      board_id: 2
      detected_tag_id: 2
      quality: 0.5
      failure_reason: 0
      failure_reason_text: None
      coarse_corners_original_image:
         -
            - 2116.380126953125
            - 1046.9136962890625
         -
            - 2095.010986328125
            - 1425.6290283203125
         -
            - 2515.426025390625
            - 1442.4185791015625
         -
            - 2526.3046875
            - 1076.94287109375
      refined_corners_original_image:
         -
            - 2118.583740234375
            - 1060.010009765625
         -
            - 2096.83935546875
            - 1429.321044921875
         -
            - 2512.52001953125
            - 1448.437255859375
         -
            - 2523.44677734375
            - 1078.837646484375
      refined_valid:
         - 1
         - 1
         - 1
         - 1
   -
      success: 1
      board_id: 3
      detected_tag_id: 3
      quality: 0.88318695671462233
      failure_reason: 0
      failure_reason_text: None
      coarse_corners_original_image:
         -
            - 2434.261962890625
            - 3044.491943359375
         -
            - 1967.0667724609375
            - 3022.28271484375
         -
            - 1949.9290771484375
            - 3435.013671875
         -
            - 2414.69873046875
            - 3458.0859375
      refined_corners_original_image:
         -
            - 2436.178955078125
            - 3043.360595703125
         -
            - 1962.843505859375
            - 3018.9990234375
         -
            - 1943.8232421875
            - 3428.10791015625
         -
            - 2415.641845703125
            - 3454.419677734375
      refined_valid:
         - 1
         - 1
         - 1
         - 1
   -
      success: 1
      board_id: 4
      detected_tag_id: 4
      quality: 0.79599721837110049
      failure_reason: 0
      failure_reason_text: None
      coarse_corners_original_image:
         -
            - 819.3829345703125
            - 1843.5552978515625
         -
            - 761.9801025390625
            - 2494.669189453125
         -
            - 1288.1824951171875
            - 2493.80419921875
         -
            - 1332.7537841796875
            - 1928.156982421875
      refined_corners_original_image:
         -
            - 833.13787841796875
            - 1853.5260009765625
         -
            - 761.9801025390625
            - 2494.669189453125
         -
            - 1295.6866455078125
            - 2497.405029296875
         -
            - 1335.2149658203125
            - 1933.856689453125
      refined_valid:
         - 1
         - 1
         - 1
         - 1
   -
      success: 1
      board_id: 5
      detected_tag_id: 5
      quality: 0.77614095486429413
      failure_reason: 0
      failure_reason_text: None
      coarse_corners_original_image:
         -
            - 3727.646728515625
            - 2626.958251953125
         -
            - 3723.021728515625
            - 1919.3670654296875
         -
            - 3176.568115234375
            - 1974.2430419921875
         -
            - 3171.260986328125
            - 2576.6376953125
      refined_corners_original_image:
         -
            - 3712.70751953125
            - 2625.727783203125
         -
            - 3709.58984375
            - 1925.3592529296875
         -
            - 3168.158203125
            - 1978.0150146484375
         -
            - 3163.839599609375
            - 2576.213134765625
      refined_valid:
         - 1
         - 1
         - 1
         - 1
