%YAML:1.0
---
format_version: outer_detection_cache_v1
absolute_image_path: "/Users/linzhaoxian/lzx-ws/project/calibr/tartancalib/image/dataset_4-22/right_record_20260421_141444_first20/right_vimbax_camera_right_image_raw_000017_1582080730000.png"
image_file_size: 6448183
image_mtime: 1776752093
detector_config_hash: d0b7f3cbd8257968
image_size:
   - 4512
   - 4512
requested_board_ids:
   - 1
   - 2
   - 3
   - 4
   - 5
detections:
   -
      success: 1
      board_id: 1
      detected_tag_id: 1
      quality: 0.98880117415214785
      failure_reason: 0
      failure_reason_text: None
      coarse_corners_original_image:
         -
            - 1982.9725341796875
            - 2498.187744140625
         -
            - 2513.6982421875
            - 2525.046142578125
         -
            - 2539.201416015625
            - 1999.80126953125
         -
            - 2011.61376953125
            - 1973.51513671875
      refined_corners_original_image:
         -
            - 1986.728515625
            - 2497.035400390625
         -
            - 2511.8251953125
            - 2523.439208984375
         -
            - 2536.479736328125
            - 2002.4962158203125
         -
            - 2014.5858154296875
            - 1976.8408203125
      refined_valid:
         - 1
         - 1
         - 1
         - 1
   -
      success: 1
      board_id: 2
      detected_tag_id: 2
      quality: 0.5
      failure_reason: 0
      failure_reason_text: None
      coarse_corners_original_image:
         -
            - 2113.59423828125
            - 1068.423095703125
         -
            - 2093.478271484375
            - 1434.5704345703125
         -
            - 2524.2978515625
            - 1454.787109375
         -
            - 2534.06640625
            - 1089.89599609375
      refined_corners_original_image:
         -
            - 2114.955078125
            - 1075.2271728515625
         -
            - 2094.667236328125
            - 1439.0653076171875
         -
            - 2523.169189453125
            - 1459.50439453125
         -
            - 2533.173583984375
            - 1096.024169921875
      refined_valid:
         - 1
         - 1
         - 1
         - 1
   -
      success: 1
      board_id: 3
      detected_tag_id: 3
      quality: 0.89226672681930397
      failure_reason: 0
      failure_reason_text: None
      coarse_corners_original_image:
         -
            - 2444.509765625
            - 3013.50390625
         -
            - 1988.2884521484375
            - 2994.861083984375
         -
            - 1971.2811279296875
            - 3401.9169921875
         -
            - 2427.4541015625
            - 3421.31201171875
      refined_corners_original_image:
         -
            - 2444.42529296875
            - 3009.186767578125
         -
            - 1991.7813720703125
            - 2990.17626953125
         -
            - 1974.4287109375
            - 3394.813232421875
         -
            - 2427.876953125
            - 3415.456787109375
      refined_valid:
         - 1
         - 1
         - 1
         - 1
   -
      success: 1
      board_id: 4
      detected_tag_id: 4
      quality: 0.79716396066877804
      failure_reason: 0
      failure_reason_text: None
      coarse_corners_original_image:
         -
            - 861.177490234375
            - 1846.318359375
         -
            - 809.79522705078125
            - 2485.837646484375
         -
            - 1326.2381591796875
            - 2481.445068359375
         -
            - 1366.0076904296875
            - 1928.3062744140625
      refined_corners_original_image:
         -
            - 861.177490234375
            - 1846.318359375
         -
            - 833.89813232421875
            - 2483.90625
         -
            - 1340.3128662109375
            - 2479.4033203125
         -
            - 1377.6119384765625
            - 1932.931640625
      refined_valid:
         - 1
         - 1
         - 1
         - 1
   -
      success: 1
      board_id: 5
      detected_tag_id: 5
      quality: 0.78236730204515592
      failure_reason: 0
      failure_reason_text: None
      coarse_corners_original_image:
         -
            - 3701.9970703125
            - 2599.65869140625
         -
            - 3692.2119140625
            - 1917.1585693359375
         -
            - 3160.893310546875
            - 1970.809814453125
         -
            - 3157.566650390625
            - 2552.048095703125
      refined_corners_original_image:
         -
            - 3683.211181640625
            - 2593.571044921875
         -
            - 3675.618896484375
            - 1921.03955078125
         -
            - 3152.697021484375
            - 1972.9627685546875
         -
            - 3150.1923828125
            - 2547.429443359375
      refined_valid:
         - 1
         - 1
         - 1
         - 1
