%YAML:1.0
---
format_version: outer_detection_cache_v1
absolute_image_path: "/Users/linzhaoxian/lzx-ws/project/calibr/tartancalib/image/dataset_4-22/right_record_20260421_141444_first20/right_vimbax_camera_right_image_raw_000010_1578714109500.png"
image_file_size: 6361665
image_mtime: 1776752089
detector_config_hash: d0b7f3cbd8257968
image_size:
   - 4512
   - 4512
requested_board_ids:
   - 1
   - 2
   - 3
   - 4
   - 5
detections:
   -
      success: 1
      board_id: 1
      detected_tag_id: 1
      quality: 0.98816662629347252
      failure_reason: 0
      failure_reason_text: None
      coarse_corners_original_image:
         -
            - 1861.84619140625
            - 2531.419677734375
         -
            - 2501.349365234375
            - 2563.80126953125
         -
            - 2528.011474609375
            - 1922.859375
         -
            - 1894.343017578125
            - 1898.3480224609375
      refined_corners_original_image:
         -
            - 1869.4891357421875
            - 2531.134521484375
         -
            - 2502.307373046875
            - 2562.5859375
         -
            - 2529.06298828125
            - 1924.48095703125
         -
            - 1902.885986328125
            - 1900.5828857421875
      refined_valid:
         - 1
         - 1
         - 1
         - 1
   -
      success: 0
      board_id: 2
      detected_tag_id: -1
      quality: 0.
      failure_reason: 2
      failure_reason_text: DetectionsExistButNoMatchingTagId
      coarse_corners_original_image:
         -
            - 0.
            - 0.
         -
            - 0.
            - 0.
         -
            - 0.
            - 0.
         -
            - 0.
            - 0.
      refined_corners_original_image:
         -
            - 0.
            - 0.
         -
            - 0.
            - 0.
         -
            - 0.
            - 0.
         -
            - 0.
            - 0.
      refined_valid:
         - 0
         - 0
         - 0
         - 0
   -
      success: 1
      board_id: 3
      detected_tag_id: 3
      quality: 0.84388176573899887
      failure_reason: 0
      failure_reason_text: None
      coarse_corners_original_image:
         -
            - 2421.753662109375
            - 3127.086181640625
         -
            - 1894.78759765625
            - 3102.53076171875
         -
            - 1885.1375732421875
            - 3547.605712890625
         -
            - 2402.663330078125
            - 3575.25927734375
      refined_corners_original_image:
         -
            - 2422.488037109375
            - 3121.885498046875
         -
            - 1899.9371337890625
            - 3097.2783203125
         -
            - 1890.952880859375
            - 3540.88720703125
         -
            - 2402.6328125
            - 3569.38232421875
      refined_valid:
         - 1
         - 1
         - 1
         - 1
   -
      success: 1
      board_id: 4
      detected_tag_id: 4
      quality: 0.74847655912675581
      failure_reason: 0
      failure_reason_text: None
      coarse_corners_original_image:
         -
            - 624.228271484375
            - 1780.1002197265625
         -
            - 550.362060546875
            - 2501.594970703125
         -
            - 1108.31591796875
            - 2505.0478515625
         -
            - 1160.8316650390625
            - 1862.1802978515625
      refined_corners_original_image:
         -
            - 640.14715576171875
            - 1785.9931640625
         -
            - 550.362060546875
            - 2501.594970703125
         -
            - 1126.6448974609375
            - 2506.2568359375
         -
            - 1173.9801025390625
            - 1866.46337890625
      refined_valid:
         - 1
         - 1
         - 1
         - 1
   -
      success: 1
      board_id: 5
      detected_tag_id: 5
      quality: 0.75054844822365518
      failure_reason: 0
      failure_reason_text: None
      coarse_corners_original_image:
         -
            - 3917.53076171875
            - 2635.96435546875
         -
            - 3888.74462890625
            - 1815.4771728515625
         -
            - 3276.187255859375
            - 1882.326416015625
         -
            - 3285.42529296875
            - 2588.8603515625
      refined_corners_original_image:
         -
            - 3917.53076171875
            - 2635.96435546875
         -
            - 3874.0068359375
            - 1829.2869873046875
         -
            - 3273.671142578125
            - 1888.8743896484375
         -
            - 3273.92431640625
            - 2589.236083984375
      refined_valid:
         - 1
         - 1
         - 1
         - 1
