%YAML:1.0
---
format_version: outer_detection_cache_v1
absolute_image_path: "/Users/linzhaoxian/lzx-ws/project/calibr/tartancalib/image/dataset_4-22/right_record_20260421_141444_first20/right_vimbax_camera_right_image_raw_000018_1582561675700.png"
image_file_size: 6442404
image_mtime: 1776752093
detector_config_hash: d0b7f3cbd8257968
image_size:
   - 4512
   - 4512
requested_board_ids:
   - 1
   - 2
   - 3
   - 4
   - 5
detections:
   -
      success: 1
      board_id: 1
      detected_tag_id: 1
      quality: 0.99255242219481188
      failure_reason: 0
      failure_reason_text: None
      coarse_corners_original_image:
         -
            - 2000.04736328125
            - 2495.439697265625
         -
            - 2524.731689453125
            - 2520.5341796875
         -
            - 2547.44580078125
            - 1997.0367431640625
         -
            - 2026.6304931640625
            - 1972.9500732421875
      refined_corners_original_image:
         -
            - 2001.8946533203125
            - 2495.994384765625
         -
            - 2522.675537109375
            - 2520.711669921875
         -
            - 2545.945068359375
            - 2000.7783203125
         -
            - 2028.44189453125
            - 1976.808349609375
      refined_valid:
         - 1
         - 1
         - 1
         - 1
   -
      success: 1
      board_id: 2
      detected_tag_id: 2
      quality: 0.5
      failure_reason: 0
      failure_reason_text: None
      coarse_corners_original_image:
         -
            - 2119.523193359375
            - 1073.1070556640625
         -
            - 2103.458740234375
            - 1436.6953125
         -
            - 2530.1845703125
            - 1454.7691650390625
         -
            - 2537.187744140625
            - 1092.3763427734375
      refined_corners_original_image:
         -
            - 2121.473876953125
            - 1080.2235107421875
         -
            - 2104.58740234375
            - 1442.364990234375
         -
            - 2529.7041015625
            - 1460.1607666015625
         -
            - 2536.58837890625
            - 1097.6402587890625
      refined_valid:
         - 1
         - 1
         - 1
         - 1
   -
      success: 1
      board_id: 3
      detected_tag_id: 3
      quality: 0.89553664606002725
      failure_reason: 0
      failure_reason_text: None
      coarse_corners_original_image:
         -
            - 2457.667236328125
            - 3007.48779296875
         -
            - 2005.6728515625
            - 2990.553466796875
         -
            - 1986.8125
            - 3396.804443359375
         -
            - 2440.52978515625
            - 3416.12353515625
      refined_corners_original_image:
         -
            - 2456.91455078125
            - 3006.84716796875
         -
            - 2006.6041259765625
            - 2988.96875
         -
            - 1988.947265625
            - 3392.640869140625
         -
            - 2439.191162109375
            - 3412.494140625
      refined_valid:
         - 1
         - 1
         - 1
         - 1
   -
      success: 1
      board_id: 4
      detected_tag_id: 4
      quality: 0.80254784114190747
      failure_reason: 0
      failure_reason_text: None
      coarse_corners_original_image:
         -
            - 887.614990234375
            - 1849.008056640625
         -
            - 836.259521484375
            - 2480.005859375
         -
            - 1350.5682373046875
            - 2476.6748046875
         -
            - 1389.1724853515625
            - 1930.1614990234375
      refined_corners_original_image:
         -
            - 901.67437744140625
            - 1858.367431640625
         -
            - 853.27215576171875
            - 2484.3291015625
         -
            - 1358.42236328125
            - 2480.190673828125
         -
            - 1396.435302734375
            - 1936.85693359375
      refined_valid:
         - 1
         - 1
         - 1
         - 1
   -
      success: 1
      board_id: 5
      detected_tag_id: 5
      quality: 0.77234502880232769
      failure_reason: 0
      failure_reason_text: None
      coarse_corners_original_image:
         -
            - 3701.45556640625
            - 2590.413330078125
         -
            - 3687.306884765625
            - 1907.6041259765625
         -
            - 3162.901611328125
            - 1964.4515380859375
         -
            - 3162.561279296875
            - 2543.1396484375
      refined_corners_original_image:
         -
            - 3687.54541015625
            - 2590.3740234375
         -
            - 3679.029541015625
            - 1916.450439453125
         -
            - 3158.12353515625
            - 1970.4622802734375
         -
            - 3157.323974609375
            - 2544.611083984375
      refined_valid:
         - 1
         - 1
         - 1
         - 1
