%YAML:1.0
---
format_version: outer_detection_cache_v1
absolute_image_path: "/Users/linzhaoxian/lzx-ws/project/calibr/tartancalib/image/dataset_4-22/right_record_20260421_141444_first20/right_vimbax_camera_right_image_raw_000012_1579676001100.png"
image_file_size: 6378602
image_mtime: 1776752090
detector_config_hash: d0b7f3cbd8257968
image_size:
   - 4512
   - 4512
requested_board_ids:
   - 1
   - 2
   - 3
   - 4
   - 5
detections:
   -
      success: 1
      board_id: 1
      detected_tag_id: 1
      quality: 0.96935882264873918
      failure_reason: 0
      failure_reason_text: None
      coarse_corners_original_image:
         -
            - 1878.0823974609375
            - 2540.387451171875
         -
            - 2501.407958984375
            - 2572.537353515625
         -
            - 2524.595703125
            - 1959.650390625
         -
            - 1909.545166015625
            - 1936.1767578125
      refined_corners_original_image:
         -
            - 1884.65576171875
            - 2541.439697265625
         -
            - 2498.415771484375
            - 2570.868408203125
         -
            - 2522.29443359375
            - 1967.0335693359375
         -
            - 1914.7265625
            - 1938.2471923828125
      refined_valid:
         - 1
         - 1
         - 1
         - 1
   -
      success: 0
      board_id: 2
      detected_tag_id: -1
      quality: 0.
      failure_reason: 2
      failure_reason_text: DetectionsExistButNoMatchingTagId
      coarse_corners_original_image:
         -
            - 0.
            - 0.
         -
            - 0.
            - 0.
         -
            - 0.
            - 0.
         -
            - 0.
            - 0.
      refined_corners_original_image:
         -
            - 0.
            - 0.
         -
            - 0.
            - 0.
         -
            - 0.
            - 0.
         -
            - 0.
            - 0.
      refined_valid:
         - 0
         - 0
         - 0
         - 0
   -
      success: 1
      board_id: 3
      detected_tag_id: 3
      quality: 0.8467030754024667
      failure_reason: 0
      failure_reason_text: None
      coarse_corners_original_image:
         -
            - 2425.73876953125
            - 3121.399658203125
         -
            - 1909.1226806640625
            - 3093.748291015625
         -
            - 1899.2093505859375
            - 3536.747314453125
         -
            - 2409.6689453125
            - 3559.1513671875
      refined_corners_original_image:
         -
            - 2425.77197265625
            - 3115.044677734375
         -
            - 1911.91748046875
            - 3090.307373046875
         -
            - 1903.87109375
            - 3527.197265625
         -
            - 2409.840087890625
            - 3554.05419921875
      refined_valid:
         - 1
         - 1
         - 1
         - 1
   -
      success: 1
      board_id: 4
      detected_tag_id: 4
      quality: 0.7645465371001422
      failure_reason: 0
      failure_reason_text: None
      coarse_corners_original_image:
         -
            - 652.06640625
            - 1805.1710205078125
         -
            - 586.64117431640625
            - 2512.1318359375
         -
            - 1138.885498046875
            - 2514.10693359375
         -
            - 1188.5830078125
            - 1887.6151123046875
      refined_corners_original_image:
         -
            - 667.53924560546875
            - 1813.4757080078125
         -
            - 586.64117431640625
            - 2512.1318359375
         -
            - 1156.7418212890625
            - 2517.02392578125
         -
            - 1200.9271240234375
            - 1896.8966064453125
      refined_valid:
         - 1
         - 1
         - 1
         - 1
   -
      success: 1
      board_id: 5
      detected_tag_id: 5
      quality: 0.76160497616893241
      failure_reason: 0
      failure_reason_text: None
      coarse_corners_original_image:
         -
            - 3893.634765625
            - 2639.870849609375
         -
            - 3859.8759765625
            - 1837.3673095703125
         -
            - 3252.1298828125
            - 1907.0797119140625
         -
            - 3264.187255859375
            - 2593.13623046875
      refined_corners_original_image:
         -
            - 3871.552734375
            - 2634.254150390625
         -
            - 3847.6708984375
            - 1830.7310791015625
         -
            - 3253.23681640625
            - 1909.498291015625
         -
            - 3257.318603515625
            - 2594.357666015625
      refined_valid:
         - 1
         - 1
         - 1
         - 1
