%YAML:1.0
---
format_version: outer_detection_cache_v1
absolute_image_path: "/Users/linzhaoxian/lzx-ws/project/calibr/tartancalib/image/dataset_4-22/right_record_20260421_141444_first20/right_vimbax_camera_right_image_raw_000009_1578233163700.png"
image_file_size: 6416923
image_mtime: 1776752089
detector_config_hash: d0b7f3cbd8257968
image_size:
   - 4512
   - 4512
requested_board_ids:
   - 1
   - 2
   - 3
   - 4
   - 5
detections:
   -
      success: 1
      board_id: 1
      detected_tag_id: 1
      quality: 0.96960228900552314
      failure_reason: 0
      failure_reason_text: None
      coarse_corners_original_image:
         -
            - 1875.0743408203125
            - 2543.075439453125
         -
            - 2515.433349609375
            - 2564.44921875
         -
            - 2535.86474609375
            - 1941.015380859375
         -
            - 1904.2169189453125
            - 1922.52001953125
      refined_corners_original_image:
         -
            - 1882.0635986328125
            - 2543.177001953125
         -
            - 2514.269775390625
            - 2568.25146484375
         -
            - 2533.10693359375
            - 1950.53515625
         -
            - 1908.21484375
            - 1930.081298828125
      refined_valid:
         - 1
         - 1
         - 1
         - 1
   -
      success: 0
      board_id: 2
      detected_tag_id: -1
      quality: 0.
      failure_reason: 2
      failure_reason_text: DetectionsExistButNoMatchingTagId
      coarse_corners_original_image:
         -
            - 0.
            - 0.
         -
            - 0.
            - 0.
         -
            - 0.
            - 0.
         -
            - 0.
            - 0.
      refined_corners_original_image:
         -
            - 0.
            - 0.
         -
            - 0.
            - 0.
         -
            - 0.
            - 0.
         -
            - 0.
            - 0.
      refined_valid:
         - 0
         - 0
         - 0
         - 0
   -
      success: 1
      board_id: 3
      detected_tag_id: 3
      quality: 0.84654560944084256
      failure_reason: 0
      failure_reason_text: None
      coarse_corners_original_image:
         -
            - 2440.927978515625
            - 3132.179443359375
         -
            - 1910.4185791015625
            - 3112.31884765625
         -
            - 1904.399169921875
            - 3562.02783203125
         -
            - 2426.40087890625
            - 3581.359375
      refined_corners_original_image:
         -
            - 2441.346923828125
            - 3128.0732421875
         -
            - 1915.189208984375
            - 3107.99072265625
         -
            - 1909.1240234375
            - 3552.12841796875
         -
            - 2426.0634765625
            - 3575.397705078125
      refined_valid:
         - 1
         - 1
         - 1
         - 1
   -
      success: 1
      board_id: 4
      detected_tag_id: 4
      quality: 0.7556210126967029
      failure_reason: 0
      failure_reason_text: None
      coarse_corners_original_image:
         -
            - 629.09368896484375
            - 1791.1976318359375
         -
            - 556.5711669921875
            - 2511.568603515625
         -
            - 1118.9959716796875
            - 2517.47900390625
         -
            - 1169.4228515625
            - 1876.870361328125
      refined_corners_original_image:
         -
            - 649.06109619140625
            - 1801.1566162109375
         -
            - 551.95587158203125
            - 2509.679443359375
         -
            - 1137.51904296875
            - 2520.3896484375
         -
            - 1183.0594482421875
            - 1888.37451171875
      refined_valid:
         - 1
         - 1
         - 1
         - 1
   -
      success: 1
      board_id: 5
      detected_tag_id: 5
      quality: 0.75814595844878596
      failure_reason: 0
      failure_reason_text: None
      coarse_corners_original_image:
         -
            - 3918.341552734375
            - 2610.16357421875
         -
            - 3885.99560546875
            - 1797.2171630859375
         -
            - 3274.427001953125
            - 1877.533447265625
         -
            - 3294.41796875
            - 2579.878662109375
      refined_corners_original_image:
         -
            - 3901.702392578125
            - 2608.568115234375
         -
            - 3877.239990234375
            - 1808.2451171875
         -
            - 3279.651123046875
            - 1883.9840087890625
         -
            - 3285.156005859375
            - 2580.393798828125
      refined_valid:
         - 1
         - 1
         - 1
         - 1
