%YAML:1.0
---
format_version: outer_detection_cache_v1
absolute_image_path: "/Users/linzhaoxian/lzx-ws/project/calibr/tartancalib/image/dataset_4-22/right_record_20260421_141444_first20/right_vimbax_camera_right_image_raw_000004_1575828434900.png"
image_file_size: 6558855
image_mtime: 1776752086
detector_config_hash: d0b7f3cbd8257968
image_size:
   - 4512
   - 4512
requested_board_ids:
   - 1
   - 2
   - 3
   - 4
   - 5
detections:
   -
      success: 1
      board_id: 1
      detected_tag_id: 1
      quality: 0.98185488516695951
      failure_reason: 0
      failure_reason_text: None
      coarse_corners_original_image:
         -
            - 1888.2171630859375
            - 2511.708984375
         -
            - 2526.20361328125
            - 2533.370361328125
         -
            - 2540.152099609375
            - 1898.90673828125
         -
            - 1913.5557861328125
            - 1884.1064453125
      refined_corners_original_image:
         -
            - 1893.30810546875
            - 2509.81591796875
         -
            - 2523.24462890625
            - 2531.347412109375
         -
            - 2537.70849609375
            - 1904.600341796875
         -
            - 1918.0499267578125
            - 1888.92578125
      refined_valid:
         - 1
         - 1
         - 1
         - 1
   -
      success: 1
      board_id: 2
      detected_tag_id: 2
      quality: 0.5
      failure_reason: 0
      failure_reason_text: None
      coarse_corners_original_image:
         -
            - 2038.5989990234375
            - 921.8692626953125
         -
            - 2018.2352294921875
            - 1305.5718994140625
         -
            - 2501.56298828125
            - 1312.6363525390625
         -
            - 2499.41552734375
            - 938.6605224609375
      refined_corners_original_image:
         -
            - 2040.3582763671875
            - 936.068115234375
         -
            - 2020.18359375
            - 1311.2928466796875
         -
            - 2501.1484375
            - 1320.6309814453125
         -
            - 2498.517578125
            - 944.24127197265625
      refined_valid:
         - 1
         - 1
         - 1
         - 1
   -
      success: 1
      board_id: 3
      detected_tag_id: 3
      quality: 0.85424504861818951
      failure_reason: 0
      failure_reason_text: None
      coarse_corners_original_image:
         -
            - 2453.010986328125
            - 3099.95458984375
         -
            - 1925.1356201171875
            - 3083.056884765625
         -
            - 1919.319580078125
            - 3534.185302734375
         -
            - 2440.05224609375
            - 3552.068603515625
      refined_corners_original_image:
         -
            - 2452.897216796875
            - 3095.75927734375
         -
            - 1928.0858154296875
            - 3078.708984375
         -
            - 1923.6552734375
            - 3525.830322265625
         -
            - 2439.34765625
            - 3546.126708984375
      refined_valid:
         - 1
         - 1
         - 1
         - 1
   -
      success: 1
      board_id: 4
      detected_tag_id: 4
      quality: 0.75474034327114281
      failure_reason: 0
      failure_reason_text: None
      coarse_corners_original_image:
         -
            - 641.44354248046875
            - 1778.063720703125
         -
            - 572.02734375
            - 2495.894775390625
         -
            - 1133.047607421875
            - 2494.2314453125
         -
            - 1180.1650390625
            - 1855.815185546875
      refined_corners_original_image:
         -
            - 657.1883544921875
            - 1786.482666015625
         -
            - 599.83013916015625
            - 2495.923828125
         -
            - 1149.3406982421875
            - 2494.4443359375
         -
            - 1192.1197509765625
            - 1861.8995361328125
      refined_valid:
         - 1
         - 1
         - 1
         - 1
   -
      success: 1
      board_id: 5
      detected_tag_id: 5
      quality: 0.74696661010997911
      failure_reason: 0
      failure_reason_text: None
      coarse_corners_original_image:
         -
            - 3925.9814453125
            - 2572.93505859375
         -
            - 3876.383056640625
            - 1763.5531005859375
         -
            - 3275.989013671875
            - 1843.6656494140625
         -
            - 3302.298095703125
            - 2540.740478515625
      refined_corners_original_image:
         -
            - 3905.564697265625
            - 2571.18994140625
         -
            - 3858.4912109375
            - 1775.500732421875
         -
            - 3267.28515625
            - 1851.670166015625
         -
            - 3291.1142578125
            - 2541.6572265625
      refined_valid:
         - 1
         - 1
         - 1
         - 1
