%YAML:1.0
---
format_version: outer_detection_cache_v1
absolute_image_path: "/Users/linzhaoxian/lzx-ws/project/calibr/tartancalib/image/dataset_4-22/right_record_20260421_141444_first20/right_vimbax_camera_right_image_raw_000006_1576790326400.png"
image_file_size: 6448454
image_mtime: 1776752087
detector_config_hash: d0b7f3cbd8257968
image_size:
   - 4512
   - 4512
requested_board_ids:
   - 1
   - 2
   - 3
   - 4
   - 5
detections:
   -
      success: 1
      board_id: 1
      detected_tag_id: 1
      quality: 0.98317342229043592
      failure_reason: 0
      failure_reason_text: None
      coarse_corners_original_image:
         -
            - 1885.4854736328125
            - 2513.788818359375
         -
            - 2522.338623046875
            - 2535.721435546875
         -
            - 2538.095947265625
            - 1902.76220703125
         -
            - 1911.8056640625
            - 1886.2362060546875
      refined_corners_original_image:
         -
            - 1890.75341796875
            - 2512.22998046875
         -
            - 2520.656982421875
            - 2534.279052734375
         -
            - 2535.81298828125
            - 1907.7540283203125
         -
            - 1916.2950439453125
            - 1891.4317626953125
      refined_valid:
         - 1
         - 1
         - 1
         - 1
   -
      success: 0
      board_id: 2
      detected_tag_id: -1
      quality: 0.
      failure_reason: 2
      failure_reason_text: DetectionsExistButNoMatchingTagId
      coarse_corners_original_image:
         -
            - 0.
            - 0.
         -
            - 0.
            - 0.
         -
            - 0.
            - 0.
         -
            - 0.
            - 0.
      refined_corners_original_image:
         -
            - 0.
            - 0.
         -
            - 0.
            - 0.
         -
            - 0.
            - 0.
         -
            - 0.
            - 0.
      refined_valid:
         - 0
         - 0
         - 0
         - 0
   -
      success: 1
      board_id: 3
      detected_tag_id: 3
      quality: 0.85197184344422883
      failure_reason: 0
      failure_reason_text: None
      coarse_corners_original_image:
         -
            - 2449.711181640625
            - 3102.6748046875
         -
            - 1921.4146728515625
            - 3086.10498046875
         -
            - 1916.1409912109375
            - 3536.38916015625
         -
            - 2436.56689453125
            - 3555.253662109375
      refined_corners_original_image:
         -
            - 2449.876220703125
            - 3098.4736328125
         -
            - 1925.026123046875
            - 3080.957763671875
         -
            - 1920.2645263671875
            - 3527.83154296875
         -
            - 2436.2275390625
            - 3548.4892578125
      refined_valid:
         - 1
         - 1
         - 1
         - 1
   -
      success: 1
      board_id: 4
      detected_tag_id: 4
      quality: 0.75818524482831351
      failure_reason: 0
      failure_reason_text: None
      coarse_corners_original_image:
         -
            - 636.2337646484375
            - 1777.59033203125
         -
            - 569.09393310546875
            - 2496.7373046875
         -
            - 1129.041015625
            - 2494.9267578125
         -
            - 1178.1427001953125
            - 1856.4566650390625
      refined_corners_original_image:
         -
            - 655.868896484375
            - 1786.3056640625
         -
            - 597.3917236328125
            - 2496.105224609375
         -
            - 1146.935791015625
            - 2495.606201171875
         -
            - 1190.423095703125
            - 1863.1605224609375
      refined_valid:
         - 1
         - 1
         - 1
         - 1
   -
      success: 1
      board_id: 5
      detected_tag_id: 5
      quality: 0.74856424564867186
      failure_reason: 0
      failure_reason_text: None
      coarse_corners_original_image:
         -
            - 3924.703857421875
            - 2575.883056640625
         -
            - 3875.746826171875
            - 1766.031005859375
         -
            - 3273.76953125
            - 1846.5067138671875
         -
            - 3299.025146484375
            - 2544.138916015625
      refined_corners_original_image:
         -
            - 3903.199951171875
            - 2573.95849609375
         -
            - 3856.429443359375
            - 1778.71728515625
         -
            - 3265.2333984375
            - 1855.0252685546875
         -
            - 3288.53466796875
            - 2544.833984375
      refined_valid:
         - 1
         - 1
         - 1
         - 1
