%YAML:1.0
---
format_version: outer_detection_cache_v1
absolute_image_path: "/Users/linzhaoxian/lzx-ws/project/calibr/tartancalib/image/dataset_4-22/right_record_20260421_141444_first20/right_vimbax_camera_right_image_raw_000008_1577752218000.png"
image_file_size: 6450926
image_mtime: 1776752088
detector_config_hash: d0b7f3cbd8257968
image_size:
   - 4512
   - 4512
requested_board_ids:
   - 1
   - 2
   - 3
   - 4
   - 5
detections:
   -
      success: 1
      board_id: 1
      detected_tag_id: 1
      quality: 0.98001659140677577
      failure_reason: 0
      failure_reason_text: None
      coarse_corners_original_image:
         -
            - 1880.0474853515625
            - 2545.544677734375
         -
            - 2517.96435546875
            - 2568.552978515625
         -
            - 2532.776611328125
            - 1935.3367919921875
         -
            - 1907.431396484375
            - 1918.35888671875
      refined_corners_original_image:
         -
            - 1886.7225341796875
            - 2543.269775390625
         -
            - 2516.0830078125
            - 2565.767578125
         -
            - 2531.15087890625
            - 1939.9381103515625
         -
            - 1912.8216552734375
            - 1923.143310546875
      refined_valid:
         - 1
         - 1
         - 1
         - 1
   -
      success: 0
      board_id: 2
      detected_tag_id: -1
      quality: 0.
      failure_reason: 2
      failure_reason_text: DetectionsExistButNoMatchingTagId
      coarse_corners_original_image:
         -
            - 0.
            - 0.
         -
            - 0.
            - 0.
         -
            - 0.
            - 0.
         -
            - 0.
            - 0.
      refined_corners_original_image:
         -
            - 0.
            - 0.
         -
            - 0.
            - 0.
         -
            - 0.
            - 0.
         -
            - 0.
            - 0.
      refined_valid:
         - 0
         - 0
         - 0
         - 0
   -
      success: 1
      board_id: 3
      detected_tag_id: 3
      quality: 0.845798960070827
      failure_reason: 0
      failure_reason_text: None
      coarse_corners_original_image:
         -
            - 2445.32275390625
            - 3135.488525390625
         -
            - 1917.037109375
            - 3113.68408203125
         -
            - 1911.893310546875
            - 3562.427001953125
         -
            - 2432.919921875
            - 3582.5205078125
      refined_corners_original_image:
         -
            - 2446.182861328125
            - 3126.986083984375
         -
            - 1920.90625
            - 3109.2919921875
         -
            - 1916.2581787109375
            - 3553.96044921875
         -
            - 2433.395263671875
            - 3574.748779296875
      refined_valid:
         - 1
         - 1
         - 1
         - 1
   -
      success: 1
      board_id: 4
      detected_tag_id: 4
      quality: 0.75588910415278388
      failure_reason: 0
      failure_reason_text: None
      coarse_corners_original_image:
         -
            - 639.6522216796875
            - 1798.1558837890625
         -
            - 561.9105224609375
            - 2515.396484375
         -
            - 1125.1431884765625
            - 2522.00048828125
         -
            - 1178.076904296875
            - 1884.6624755859375
      refined_corners_original_image:
         -
            - 655.75115966796875
            - 1805.6156005859375
         -
            - 594.3763427734375
            - 2514.705322265625
         -
            - 1143.50537109375
            - 2521.765869140625
         -
            - 1188.718505859375
            - 1889.755615234375
      refined_valid:
         - 1
         - 1
         - 1
         - 1
   -
      success: 1
      board_id: 5
      detected_tag_id: 5
      quality: 0.74323153934642239
      failure_reason: 0
      failure_reason_text: None
      coarse_corners_original_image:
         -
            - 3932.1044921875
            - 2598.87255859375
         -
            - 3862.804443359375
            - 1791.937255859375
         -
            - 3266.99658203125
            - 1877.69140625
         -
            - 3292.853759765625
            - 2573.577392578125
      refined_corners_original_image:
         -
            - 3899.0966796875
            - 2594.300537109375
         -
            - 3850.2529296875
            - 1800.4267578125
         -
            - 3259.691650390625
            - 1883.8577880859375
         -
            - 3283.7451171875
            - 2572.586669921875
      refined_valid:
         - 1
         - 1
         - 1
         - 1
