%YAML:1.0
---
format_version: outer_detection_cache_v1
absolute_image_path: "/Users/linzhaoxian/lzx-ws/project/calibr/tartancalib/image/dataset_4-22/right_record_20260421_141444_first20/right_vimbax_camera_right_image_raw_000019_1583042621500.png"
image_file_size: 6439228
image_mtime: 1776752094
detector_config_hash: d0b7f3cbd8257968
image_size:
   - 4512
   - 4512
requested_board_ids:
   - 1
   - 2
   - 3
   - 4
   - 5
detections:
   -
      success: 1
      board_id: 1
      detected_tag_id: 1
      quality: 0.99337546013520972
      failure_reason: 0
      failure_reason_text: None
      coarse_corners_original_image:
         -
            - 1994.568603515625
            - 2486.35546875
         -
            - 2505.963134765625
            - 2507.3037109375
         -
            - 2525.5986328125
            - 1997.7366943359375
         -
            - 2017.5997314453125
            - 1976.7357177734375
      refined_corners_original_image:
         -
            - 1997.3704833984375
            - 2484.972412109375
         -
            - 2504.43994140625
            - 2507.03759765625
         -
            - 2525.362060546875
            - 2001.5582275390625
         -
            - 2020.87451171875
            - 1979.7005615234375
      refined_valid:
         - 1
         - 1
         - 1
         - 1
   -
      success: 1
      board_id: 2
      detected_tag_id: 2
      quality: 0.5
      failure_reason: 0
      failure_reason_text: None
      coarse_corners_original_image:
         -
            - 2106.920166015625
            - 1089.37939453125
         -
            - 2090.93896484375
            - 1449.2943115234375
         -
            - 2509.37939453125
            - 1466.4317626953125
         -
            - 2516.59375
            - 1107.3665771484375
      refined_corners_original_image:
         -
            - 2109.21337890625
            - 1096.9661865234375
         -
            - 2092.9677734375
            - 1454.3104248046875
         -
            - 2509.932373046875
            - 1471.2274169921875
         -
            - 2517.0908203125
            - 1113.9400634765625
      refined_valid:
         - 1
         - 1
         - 1
         - 1
   -
      success: 1
      board_id: 3
      detected_tag_id: 3
      quality: 0.89862589180162322
      failure_reason: 0
      failure_reason_text: None
      coarse_corners_original_image:
         -
            - 2443.724365234375
            - 2986.71337890625
         -
            - 2000.3743896484375
            - 2970.802978515625
         -
            - 1983.85986328125
            - 3371.991943359375
         -
            - 2430.391845703125
            - 3388.177734375
      refined_corners_original_image:
         -
            - 2444.14453125
            - 2982.98291015625
         -
            - 2003.580810546875
            - 2968.7197265625
         -
            - 1988.4268798828125
            - 3363.1689453125
         -
            - 2431.998046875
            - 3377.16552734375
      refined_valid:
         - 1
         - 1
         - 1
         - 1
   -
      success: 1
      board_id: 4
      detected_tag_id: 4
      quality: 0.79847587042946933
      failure_reason: 0
      failure_reason_text: None
      coarse_corners_original_image:
         -
            - 903.76654052734375
            - 1857.27978515625
         -
            - 854.42913818359375
            - 2477.82763671875
         -
            - 1358.154296875
            - 2471.228271484375
         -
            - 1394.5869140625
            - 1935.7657470703125
      refined_corners_original_image:
         -
            - 917.9654541015625
            - 1863.6160888671875
         -
            - 854.42913818359375
            - 2477.82763671875
         -
            - 1369.0343017578125
            - 2471.66796875
         -
            - 1403.0911865234375
            - 1940.512451171875
      refined_valid:
         - 1
         - 1
         - 1
         - 1
   -
      success: 1
      board_id: 5
      detected_tag_id: 5
      quality: 0.77986151242680524
      failure_reason: 0
      failure_reason_text: None
      coarse_corners_original_image:
         -
            - 3665.06884765625
            - 2568.451904296875
         -
            - 3638.515380859375
            - 1906.1973876953125
         -
            - 3124.810546875
            - 1963.4178466796875
         -
            - 3127.323974609375
            - 2525.04736328125
      refined_corners_original_image:
         -
            - 3665.06884765625
            - 2568.451904296875
         -
            - 3634.922119140625
            - 1913.0931396484375
         -
            - 3121.679443359375
            - 1968.5328369140625
         -
            - 3121.452392578125
            - 2526.122802734375
      refined_valid:
         - 1
         - 1
         - 1
         - 1
