%YAML:1.0
---
format_version: outer_detection_cache_v1
absolute_image_path: "/Users/linzhaoxian/lzx-ws/project/calibr/tartancalib/image/dataset_4-22/right_record_20260421_141444_first20/right_vimbax_camera_right_image_raw_000005_1576309380600.png"
image_file_size: 6487085
image_mtime: 1776752087
detector_config_hash: d0b7f3cbd8257968
image_size:
   - 4512
   - 4512
requested_board_ids:
   - 1
   - 2
   - 3
   - 4
   - 5
detections:
   -
      success: 1
      board_id: 1
      detected_tag_id: 1
      quality: 0.97994670785611604
      failure_reason: 0
      failure_reason_text: None
      coarse_corners_original_image:
         -
            - 1885.1890869140625
            - 2512.0078125
         -
            - 2524.134521484375
            - 2533.724609375
         -
            - 2538.706298828125
            - 1899.5283203125
         -
            - 1912.3974609375
            - 1884.2943115234375
      refined_corners_original_image:
         -
            - 1891.955810546875
            - 2510.522216796875
         -
            - 2521.939697265625
            - 2532.04296875
         -
            - 2536.487060546875
            - 1905.27783203125
         -
            - 1916.8763427734375
            - 1889.5931396484375
      refined_valid:
         - 1
         - 1
         - 1
         - 1
   -
      success: 1
      board_id: 2
      detected_tag_id: 2
      quality: 0.5
      failure_reason: 0
      failure_reason_text: None
      coarse_corners_original_image:
         -
            - 2035.754150390625
            - 925.48101806640625
         -
            - 2015.3660888671875
            - 1303.6337890625
         -
            - 2499.03466796875
            - 1312.7630615234375
         -
            - 2496.947998046875
            - 935.320068359375
      refined_corners_original_image:
         -
            - 2039.6339111328125
            - 936.5931396484375
         -
            - 2019.238525390625
            - 1311.9483642578125
         -
            - 2500.202880859375
            - 1321.305419921875
         -
            - 2497.81005859375
            - 944.979736328125
      refined_valid:
         - 1
         - 1
         - 1
         - 1
   -
      success: 1
      board_id: 3
      detected_tag_id: 3
      quality: 0.85235011288077556
      failure_reason: 0
      failure_reason_text: None
      coarse_corners_original_image:
         -
            - 2451.35595703125
            - 3100.316162109375
         -
            - 1922.97021484375
            - 3084.1767578125
         -
            - 1917.848388671875
            - 3534.727294921875
         -
            - 2438.30908203125
            - 3553.1689453125
      refined_corners_original_image:
         -
            - 2451.65869140625
            - 3096.53466796875
         -
            - 1926.746826171875
            - 3079.4794921875
         -
            - 1922.5799560546875
            - 3526.549072265625
         -
            - 2438.377685546875
            - 3546.768310546875
      refined_valid:
         - 1
         - 1
         - 1
         - 1
   -
      success: 1
      board_id: 4
      detected_tag_id: 4
      quality: 0.75899296523439319
      failure_reason: 0
      failure_reason_text: None
      coarse_corners_original_image:
         -
            - 635.48516845703125
            - 1777.2130126953125
         -
            - 574.83160400390625
            - 2497.41845703125
         -
            - 1131.3653564453125
            - 2494.826904296875
         -
            - 1178.4046630859375
            - 1855.7177734375
      refined_corners_original_image:
         -
            - 656.255126953125
            - 1786.7691650390625
         -
            - 598.65216064453125
            - 2496.385498046875
         -
            - 1148.068359375
            - 2495.006103515625
         -
            - 1190.9716796875
            - 1862.4407958984375
      refined_valid:
         - 1
         - 1
         - 1
         - 1
   -
      success: 1
      board_id: 5
      detected_tag_id: 5
      quality: 0.74850598398381285
      failure_reason: 0
      failure_reason_text: None
      coarse_corners_original_image:
         -
            - 3925.127197265625
            - 2573.0654296875
         -
            - 3877.483642578125
            - 1764.087646484375
         -
            - 3276.306396484375
            - 1844.8214111328125
         -
            - 3300.881591796875
            - 2542.0400390625
      refined_corners_original_image:
         -
            - 3904.585205078125
            - 2571.354248046875
         -
            - 3857.36865234375
            - 1775.8358154296875
         -
            - 3266.045654296875
            - 1852.3253173828125
         -
            - 3289.8876953125
            - 2542.205322265625
      refined_valid:
         - 1
         - 1
         - 1
         - 1
