%YAML:1.0
---
format_version: outer_detection_cache_v1
absolute_image_path: "/Users/linzhaoxian/lzx-ws/project/calibr/tartancalib/image/dataset_4-22/right_record_20260421_141444_first20/right_vimbax_camera_right_image_raw_000000_1573904651700.png"
image_file_size: 6548824
image_mtime: 1776752084
detector_config_hash: d0b7f3cbd8257968
image_size:
   - 4512
   - 4512
requested_board_ids:
   - 1
   - 2
   - 3
   - 4
   - 5
detections:
   -
      success: 1
      board_id: 1
      detected_tag_id: 1
      quality: 0.98072667298226335
      failure_reason: 0
      failure_reason_text: None
      coarse_corners_original_image:
         -
            - 1886.95166015625
            - 2511.85546875
         -
            - 2525.8369140625
            - 2533.57373046875
         -
            - 2540.27978515625
            - 1899.83740234375
         -
            - 1913.5487060546875
            - 1883.898681640625
      refined_corners_original_image:
         -
            - 1893.3111572265625
            - 2510.0068359375
         -
            - 2523.251708984375
            - 2531.483154296875
         -
            - 2537.68798828125
            - 1904.8468017578125
         -
            - 1918.1241455078125
            - 1889.1395263671875
      refined_valid:
         - 1
         - 1
         - 1
         - 1
   -
      success: 0
      board_id: 2
      detected_tag_id: -1
      quality: 0.
      failure_reason: 2
      failure_reason_text: DetectionsExistButNoMatchingTagId
      coarse_corners_original_image:
         -
            - 0.
            - 0.
         -
            - 0.
            - 0.
         -
            - 0.
            - 0.
         -
            - 0.
            - 0.
      refined_corners_original_image:
         -
            - 0.
            - 0.
         -
            - 0.
            - 0.
         -
            - 0.
            - 0.
         -
            - 0.
            - 0.
      refined_valid:
         - 0
         - 0
         - 0
         - 0
   -
      success: 1
      board_id: 3
      detected_tag_id: 3
      quality: 0.85170123078079851
      failure_reason: 0
      failure_reason_text: None
      coarse_corners_original_image:
         -
            - 2453.13623046875
            - 3100.297119140625
         -
            - 1924.9273681640625
            - 3084.5087890625
         -
            - 1919.31298828125
            - 3534.55078125
         -
            - 2439.6982421875
            - 3553.0107421875
      refined_corners_original_image:
         -
            - 2452.8740234375
            - 3095.923583984375
         -
            - 1928.1505126953125
            - 3078.900146484375
         -
            - 1923.623779296875
            - 3525.9111328125
         -
            - 2439.2822265625
            - 3546.276123046875
      refined_valid:
         - 1
         - 1
         - 1
         - 1
   -
      success: 1
      board_id: 4
      detected_tag_id: 4
      quality: 0.76720391878012162
      failure_reason: 0
      failure_reason_text: None
      coarse_corners_original_image:
         -
            - 633.509521484375
            - 1776.084228515625
         -
            - 576.206298828125
            - 2496.890625
         -
            - 1132.6866455078125
            - 2493.75
         -
            - 1182.390869140625
            - 1856.5648193359375
      refined_corners_original_image:
         -
            - 657.34613037109375
            - 1786.576904296875
         -
            - 599.9515380859375
            - 2496.022705078125
         -
            - 1149.4261474609375
            - 2494.569580078125
         -
            - 1192.2529296875
            - 1862.0546875
      refined_valid:
         - 1
         - 1
         - 1
         - 1
   -
      success: 1
      board_id: 5
      detected_tag_id: 5
      quality: 0.75046006811757338
      failure_reason: 0
      failure_reason_text: None
      coarse_corners_original_image:
         -
            - 3928.921142578125
            - 2573.594482421875
         -
            - 3879.276123046875
            - 1763.658203125
         -
            - 3275.635009765625
            - 1844.0107421875
         -
            - 3301.5380859375
            - 2540.871826171875
      refined_corners_original_image:
         -
            - 3905.4853515625
            - 2571.3720703125
         -
            - 3858.41162109375
            - 1775.7337646484375
         -
            - 3267.217041015625
            - 1851.9608154296875
         -
            - 3290.987060546875
            - 2541.883056640625
      refined_valid:
         - 1
         - 1
         - 1
         - 1
