%YAML:1.0
---
format_version: outer_detection_cache_v1
absolute_image_path: "/Users/linzhaoxian/lzx-ws/project/calibr/tartancalib/image/dataset_4-22/right_record_20260421_141444_first20/right_vimbax_camera_right_image_raw_000015_1581118838400.png"
image_file_size: 6428544
image_mtime: 1776752092
detector_config_hash: d0b7f3cbd8257968
image_size:
   - 4512
   - 4512
requested_board_ids:
   - 1
   - 2
   - 3
   - 4
   - 5
detections:
   -
      success: 1
      board_id: 1
      detected_tag_id: 1
      quality: 0.99330141419079254
      failure_reason: 0
      failure_reason_text: None
      coarse_corners_original_image:
         -
            - 1935.9261474609375
            - 2502.06201171875
         -
            - 2493.44287109375
            - 2532.304931640625
         -
            - 2520.953125
            - 1974.128662109375
         -
            - 1966.5399169921875
            - 1946.318603515625
      refined_corners_original_image:
         -
            - 1940.1422119140625
            - 2501.015625
         -
            - 2492.6064453125
            - 2531.661376953125
         -
            - 2520.828857421875
            - 1971.773193359375
         -
            - 1972.1278076171875
            - 1943.777099609375
      refined_valid:
         - 1
         - 1
         - 1
         - 1
   -
      success: 0
      board_id: 2
      detected_tag_id: -1
      quality: 0.
      failure_reason: 2
      failure_reason_text: DetectionsExistButNoMatchingTagId
      coarse_corners_original_image:
         -
            - 0.
            - 0.
         -
            - 0.
            - 0.
         -
            - 0.
            - 0.
         -
            - 0.
            - 0.
      refined_corners_original_image:
         -
            - 0.
            - 0.
         -
            - 0.
            - 0.
         -
            - 0.
            - 0.
         -
            - 0.
            - 0.
      refined_valid:
         - 0
         - 0
         - 0
         - 0
   -
      success: 1
      board_id: 3
      detected_tag_id: 3
      quality: 0.88221641033085574
      failure_reason: 0
      failure_reason_text: None
      coarse_corners_original_image:
         -
            - 2422.250244140625
            - 3041.970458984375
         -
            - 1948.5299072265625
            - 3019.35205078125
         -
            - 1932.0538330078125
            - 3437.427490234375
         -
            - 2404.310302734375
            - 3460.9140625
      refined_corners_original_image:
         -
            - 2421.64453125
            - 3038.919921875
         -
            - 1951.1085205078125
            - 3015.239501953125
         -
            - 1936.0009765625
            - 3431.26708984375
         -
            - 2403.85009765625
            - 3455.97802734375
      refined_valid:
         - 1
         - 1
         - 1
         - 1
   -
      success: 1
      board_id: 4
      detected_tag_id: 4
      quality: 0.78160380391087003
      failure_reason: 0
      failure_reason_text: None
      coarse_corners_original_image:
         -
            - 786.19342041015625
            - 1818.681640625
         -
            - 723.26580810546875
            - 2481.154052734375
         -
            - 1251.496337890625
            - 2479.7060546875
         -
            - 1299.6737060546875
            - 1901.534423828125
      refined_corners_original_image:
         -
            - 789.67327880859375
            - 1821.66845703125
         -
            - 723.26580810546875
            - 2481.154052734375
         -
            - 1265.8695068359375
            - 2478.235107421875
         -
            - 1305.95654296875
            - 1902.08447265625
      refined_valid:
         - 1
         - 1
         - 1
         - 1
   -
      success: 1
      board_id: 5
      detected_tag_id: 5
      quality: 0.77860903139687376
      failure_reason: 0
      failure_reason_text: None
      coarse_corners_original_image:
         -
            - 3740.548095703125
            - 2613.4619140625
         -
            - 3738.2119140625
            - 1890.5040283203125
         -
            - 3177.939208984375
            - 1944.87451171875
         -
            - 3176.20166015625
            - 2561.073486328125
      refined_corners_original_image:
         -
            - 3748.153564453125
            - 2611.76318359375
         -
            - 3740.7236328125
            - 1889.8038330078125
         -
            - 3176.82568359375
            - 1942.0089111328125
         -
            - 3171.8759765625
            - 2559.24169921875
      refined_valid:
         - 1
         - 1
         - 1
         - 1
