%YAML:1.0
---
format_version: outer_detection_cache_v1
absolute_image_path: "/Users/linzhaoxian/lzx-ws/project/calibr/tartancalib/image/dataset_4-22/right_record_20260421_141444_first20/right_vimbax_camera_right_image_raw_000011_1579195055300.png"
image_file_size: 6383990
image_mtime: 1776752090
detector_config_hash: d0b7f3cbd8257968
image_size:
   - 4512
   - 4512
requested_board_ids:
   - 1
   - 2
   - 3
   - 4
   - 5
detections:
   -
      success: 1
      board_id: 1
      detected_tag_id: 1
      quality: 0.98822485292575968
      failure_reason: 0
      failure_reason_text: None
      coarse_corners_original_image:
         -
            - 1867.4110107421875
            - 2553.18212890625
         -
            - 2499.016357421875
            - 2582.232421875
         -
            - 2522.449951171875
            - 1951.2135009765625
         -
            - 1897.329345703125
            - 1929.0709228515625
      refined_corners_original_image:
         -
            - 1874.70263671875
            - 2552.65673828125
         -
            - 2498.614501953125
            - 2581.1513671875
         -
            - 2521.9580078125
            - 1956.100830078125
         -
            - 1903.998779296875
            - 1934.6397705078125
      refined_valid:
         - 1
         - 1
         - 1
         - 1
   -
      success: 0
      board_id: 2
      detected_tag_id: -1
      quality: 0.
      failure_reason: 2
      failure_reason_text: DetectionsExistButNoMatchingTagId
      coarse_corners_original_image:
         -
            - 0.
            - 0.
         -
            - 0.
            - 0.
         -
            - 0.
            - 0.
         -
            - 0.
            - 0.
      refined_corners_original_image:
         -
            - 0.
            - 0.
         -
            - 0.
            - 0.
         -
            - 0.
            - 0.
         -
            - 0.
            - 0.
      refined_valid:
         - 0
         - 0
         - 0
         - 0
   -
      success: 1
      board_id: 3
      detected_tag_id: 3
      quality: 0.84859244297080427
      failure_reason: 0
      failure_reason_text: None
      coarse_corners_original_image:
         -
            - 2422.906494140625
            - 3133.93212890625
         -
            - 1902.0518798828125
            - 3111.517822265625
         -
            - 1894.228515625
            - 3553.850830078125
         -
            - 2407.262939453125
            - 3577.441650390625
      refined_corners_original_image:
         -
            - 2424.794189453125
            - 3130.68310546875
         -
            - 1906.467529296875
            - 3107.324951171875
         -
            - 1898.984375
            - 3544.83935546875
         -
            - 2407.64404296875
            - 3571.665771484375
      refined_valid:
         - 1
         - 1
         - 1
         - 1
   -
      success: 1
      board_id: 4
      detected_tag_id: 4
      quality: 0.76310468783763785
      failure_reason: 0
      failure_reason_text: None
      coarse_corners_original_image:
         -
            - 631.19464111328125
            - 1810.67626953125
         -
            - 567.31610107421875
            - 2524.47314453125
         -
            - 1122.0614013671875
            - 2527.152587890625
         -
            - 1171.780517578125
            - 1893.3994140625
      refined_corners_original_image:
         -
            - 650.236572265625
            - 1819.5284423828125
         -
            - 596.54986572265625
            - 2525.422607421875
         -
            - 1139.673828125
            - 2528.54638671875
         -
            - 1182.177001953125
            - 1899.6885986328125
      refined_valid:
         - 1
         - 1
         - 1
         - 1
   -
      success: 1
      board_id: 5
      detected_tag_id: 5
      quality: 0.74730928688006804
      failure_reason: 0
      failure_reason_text: None
      coarse_corners_original_image:
         -
            - 3916.136962890625
            - 2647.201904296875
         -
            - 3867.719970703125
            - 1834.6533203125
         -
            - 3263.66357421875
            - 1906.395751953125
         -
            - 3272.4814453125
            - 2603.271728515625
      refined_corners_original_image:
         -
            - 3916.136962890625
            - 2647.201904296875
         -
            - 3852.828857421875
            - 1842.93408203125
         -
            - 3254.398193359375
            - 1911.8670654296875
         -
            - 3262.282958984375
            - 2602.56591796875
      refined_valid:
         - 1
         - 1
         - 1
         - 1
