%YAML:1.0
---
format_version: outer_detection_cache_v1
absolute_image_path: "/Users/linzhaoxian/lzx-ws/project/calibr/tartancalib/image/dataset_4-22/right_record_20260421_141444_first20/right_vimbax_camera_right_image_raw_000013_1580156946900.png"
image_file_size: 6418064
image_mtime: 1776752091
detector_config_hash: d0b7f3cbd8257968
image_size:
   - 4512
   - 4512
requested_board_ids:
   - 1
   - 2
   - 3
   - 4
   - 5
detections:
   -
      success: 1
      board_id: 1
      detected_tag_id: 1
      quality: 0.98176359737026453
      failure_reason: 0
      failure_reason_text: None
      coarse_corners_original_image:
         -
            - 1884.9432373046875
            - 2524.99853515625
         -
            - 2485.6376953125
            - 2556.4833984375
         -
            - 2512.173583984375
            - 1962.06103515625
         -
            - 1916.868896484375
            - 1935.3126220703125
      refined_corners_original_image:
         -
            - 1892.1695556640625
            - 2523.782470703125
         -
            - 2484.109375
            - 2555.48388671875
         -
            - 2511.162353515625
            - 1967.2308349609375
         -
            - 1921.2177734375
            - 1939.1455078125
      refined_valid:
         - 1
         - 1
         - 1
         - 1
   -
      success: 1
      board_id: 2
      detected_tag_id: 2
      quality: 0.5
      failure_reason: 0
      failure_reason_text: None
      coarse_corners_original_image:
         -
            - 2052.17138671875
            - 973.18377685546875
         -
            - 2025.1109619140625
            - 1358.311767578125
         -
            - 2495.064453125
            - 1376.81201171875
         -
            - 2504.64501953125
            - 998.8885498046875
      refined_corners_original_image:
         -
            - 2053.076416015625
            - 985.3995361328125
         -
            - 2025.810546875
            - 1363.2049560546875
         -
            - 2493.350830078125
            - 1381.9398193359375
         -
            - 2501.927734375
            - 1003.2872924804688
      refined_valid:
         - 1
         - 1
         - 1
         - 1
   -
      success: 1
      board_id: 3
      detected_tag_id: 3
      quality: 0.85436461212056203
      failure_reason: 0
      failure_reason_text: None
      coarse_corners_original_image:
         -
            - 2411.146728515625
            - 3087.688232421875
         -
            - 1909.7637939453125
            - 3065.263427734375
         -
            - 1898.9764404296875
            - 3493.919921875
         -
            - 2394.1142578125
            - 3518.07080078125
      refined_corners_original_image:
         -
            - 2412.35107421875
            - 3079.9833984375
         -
            - 1914.671630859375
            - 3055.362060546875
         -
            - 1904.184814453125
            - 3482.623779296875
         -
            - 2396.056640625
            - 3509.8623046875
      refined_valid:
         - 1
         - 1
         - 1
         - 1
   -
      success: 1
      board_id: 4
      detected_tag_id: 4
      quality: 0.76779870238600167
      failure_reason: 0
      failure_reason_text: None
      coarse_corners_original_image:
         -
            - 686.62164306640625
            - 1809.5889892578125
         -
            - 623.22802734375
            - 2501.947509765625
         -
            - 1166.6702880859375
            - 2502.210693359375
         -
            - 1214.0196533203125
            - 1892.1142578125
      refined_corners_original_image:
         -
            - 704.33331298828125
            - 1817.43017578125
         -
            - 623.22802734375
            - 2501.947509765625
         -
            - 1166.6702880859375
            - 2502.210693359375
         -
            - 1226.356689453125
            - 1897.969482421875
      refined_valid:
         - 1
         - 1
         - 1
         - 1
   -
      success: 1
      board_id: 5
      detected_tag_id: 5
      quality: 0.76584088000042727
      failure_reason: 0
      failure_reason_text: None
      coarse_corners_original_image:
         -
            - 3818.7353515625
            - 2633.59228515625
         -
            - 3803.053955078125
            - 1862.3369140625
         -
            - 3215.474365234375
            - 1923.755859375
         -
            - 3217.28173828125
            - 2584.304443359375
      refined_corners_original_image:
         -
            - 3818.7353515625
            - 2633.59228515625
         -
            - 3783.019775390625
            - 1870.693359375
         -
            - 3206.793212890625
            - 1930.7789306640625
         -
            - 3204.636962890625
            - 2579.603759765625
      refined_valid:
         - 1
         - 1
         - 1
         - 1
