%YAML:1.0
---
format_version: outer_detection_cache_v2
absolute_image_path: "/Users/linzhaoxian/lzx-ws/project/calibr/tartancalib/image/dataset_4-22/right_record_20260421_140151/right_vimbax_camera_right_image_raw_000212_903466237300.png"
image_file_size: 6199581
image_mtime: 1776751418
detector_config_hash: a5f7c893e3a5f9e3
image_size:
   - 4512
   - 4512
requested_board_ids:
   - 1
   - 2
   - 3
   - 4
   - 5
detections:
   -
      success: 1
      board_id: 1
      detected_tag_id: 1
      original_longest_side: 4512
      chosen_scale_longest_side: 1805
      chosen_scale_factor: 0.40004432624113473
      scale_configuration_mode: fixed_schedule
      used_corner_fusion: 1
      hamming: 0
      good: 1
      attempted_local_patch_rescue: 0
      used_local_patch_rescue: 0
      local_patch_rescue_summary: ""
      quality: 0.960469078769147
      failure_reason: 0
      failure_reason_text: None
      coarse_corners_scaled_image:
         -
            - 1004.4078979492188
            - 1036.55322265625
         -
            - 1198.663330078125
            - 1046.363525390625
         -
            - 1207.5194091796875
            - 844.9638671875
         -
            - 1013.9857177734375
            - 839.01580810546875
      coarse_corners_original_image:
         -
            - 2510.741455078125
            - 2591.095947265625
         -
            - 2996.326171875
            - 2615.618896484375
         -
            - 3018.464111328125
            - 2112.175537109375
         -
            - 2534.683349609375
            - 2097.30712890625
      refined_corners_original_image:
         -
            - 2508.269775390625
            - 2592.60888671875
         -
            - 3007.556640625
            - 2615.4619140625
         -
            - 3008.884765625
            - 2116.724365234375
         -
            - 2530.169189453125
            - 2102.029296875
      refined_valid:
         - 1
         - 1
         - 1
         - 1
      successful_scale_longest_sides:
         - 1805
         - 1289
         - 1003
         - 752
         - 564
         - 376
      corner_verification_debug:
         -
            corner_index: 0
            coarse_corner:
               - 2510.741455078125
               - 2591.095947265625
            verified_corner:
               - 2510.741455078125
               - 2591.095947265625
            subpix_corner:
               - 2508.269775390625
               - 2592.60888671875
            verification_roi:
               - 2486
               - 2567
               - 50
               - 50
            prev_edge_direction:
               - 0.048429209738969803
               - -0.99882662296295166
            next_edge_direction:
               - 0.99872720241546631
               - 0.050437618046998978
            prev_marker_support_points:
               -
                  - 2517.59423828125
                  - 2569.5234375
               -
                  - 2518.041259765625
                  - 2560.30615234375
               -
                  - 2505.503173828125
                  - 2550.458984375
               -
                  - 2505.9501953125
                  - 2541.24169921875
               -
                  - 2520.380615234375
                  - 2532.7021484375
               -
                  - 2520.82763671875
                  - 2523.48486328125
               -
                  - 2508.289794921875
                  - 2513.637939453125
               -
                  - 2521.721435546875
                  - 2505.050048828125
               -
                  - 2522.16845703125
                  - 2495.832763671875
               -
                  - 2522.615234375
                  - 2486.615234375
               -
                  - 2523.062255859375
                  - 2477.39794921875
               -
                  - 2509.525390625
                  - 2467.50244140625
               -
                  - 2523.9560546875
                  - 2458.963134765625
               -
                  - 2524.40283203125
                  - 2449.745849609375
               -
                  - 2524.849853515625
                  - 2440.5283203125
               -
                  - 2513.31103515625
                  - 2430.729736328125
            next_marker_support_points:
               -
                  - 2532.582763671875
                  - 2592.399169921875
               -
                  - 2541.49560546875
                  - 2595.853271484375
               -
                  - 2550.559814453125
                  - 2596.31103515625
               -
                  - 2559.573486328125
                  - 2597.767333984375
               -
                  - 2568.6884765625
                  - 2597.2265625
               -
                  - 2577.752685546875
                  - 2597.684326171875
               -
                  - 2586.766357421875
                  - 2599.140625
               -
                  - 2595.83056640625
                  - 2599.598388671875
               -
                  - 2604.894775390625
                  - 2600.05615234375
               -
                  - 2613.958984375
                  - 2600.513916015625
               -
                  - 2623.0234375
                  - 2600.9716796875
               -
                  - 2632.087646484375
                  - 2601.429443359375
               -
                  - 2641.1015625
                  - 2602.885986328125
               -
                  - 2650.165771484375
                  - 2603.34375
               -
                  - 2659.22998046875
                  - 2603.801513671875
               -
                  - 2668.294189453125
                  - 2604.25927734375
            prev_branch_points:
               []
            next_branch_points:
               []
            local_scale: 486.20355224609375
            verification_roi_radius: 24
            candidate_radius: 0
            branch_search_radius: 0
            direction_consistency_score: 1.
            local_layout_score: 1.
            verification_quality: 1.
            coarse_to_verified_displacement: 0.
            coarse_to_subpix_displacement: 2.8979623317718506
            coarse_to_refined_displacement: 2.8979623317718506
            corner_marker_width: 121.55088806152344
            image_line_corner:
               - 0.
               - 0.
            prev_image_line_residual: 0.
            next_image_line_residual: 0.
            prev_image_line_support_count: 0
            next_image_line_support_count: 0
            image_line_valid: 0
            line_refinement_success: 0
            line_refinement_quality: 0.
            line_jump: 3607.9912109375
            line_jump_limit: 0.
            line_inside: 0
            line_seed_gap: 3607.9912109375
            line_seed_accepted: 0
            spherical_corner:
               - 2510.741455078125
               - 2591.095947265625
            prev_spherical_curve_points:
               []
            next_spherical_curve_points:
               []
            prev_spherical_residual: 0.
            next_spherical_residual: 0.
            prev_spherical_support_count: 0
            next_spherical_support_count: 0
            spherical_refinement_valid: 0
            spherical_refinement_applied: 0
            spherical_failure_reason: ""
            subpix_window_radius: 18
            refine_displacement_limit: 0.
            refined_valid: 1
            verification_passed: 1
            subpix_applied: 1
            failure_reason: cs_only
         -
            corner_index: 1
            coarse_corner:
               - 2996.326171875
               - 2615.618896484375
            verified_corner:
               - 2996.326171875
               - 2615.618896484375
            subpix_corner:
               - 3007.556640625
               - 2615.4619140625
            verification_roi:
