%YAML:1.0
---
format_version: outer_detection_cache_v2
absolute_image_path: "/Users/linzhaoxian/lzx-ws/project/calibr/tartancalib/image/dataset_4-22/right_record_20260421_140151/right_vimbax_camera_right_image_raw_000092_845752743900.png"
image_file_size: 6500860
image_mtime: 1776751358
detector_config_hash: a5f7c893e3a5f9e3
image_size:
   - 4512
   - 4512
requested_board_ids:
   - 1
   - 2
   - 3
   - 4
   - 5
detections:
   -
      success: 1
      board_id: 1
      detected_tag_id: 1
      original_longest_side: 4512
      chosen_scale_longest_side: 1805
      chosen_scale_factor: 0.40004432624113473
      scale_configuration_mode: fixed_schedule
      used_corner_fusion: 1
      hamming: 0
      good: 1
      attempted_local_patch_rescue: 0
      used_local_patch_rescue: 0
      local_patch_rescue_summary: ""
      quality: 0.95185017954740059
      failure_reason: 0
      failure_reason_text: None
      coarse_corners_scaled_image:
         -
            - 704.90557861328125
            - 1025.2142333984375
         -
            - 1009.9866943359375
            - 1042.92529296875
         -
            - 1018.7854614257812
            - 732.54974365234375
         -
            - 720.75347900390625
            - 730.0897216796875
      coarse_corners_original_image:
         -
            - 1762.0687255859375
            - 2562.75146484375
         -
            - 2524.68701171875
            - 2607.0244140625
         -
            - 2546.681396484375
            - 1831.17138671875
         -
            - 1801.68408203125
            - 1825.0220947265625
      refined_corners_original_image:
         -
            - 1772.0216064453125
            - 2560.124755859375
         -
            - 2522.06787109375
            - 2603.4794921875
         -
            - 2543.4873046875
            - 1839.5059814453125
         -
            - 1810.514404296875
            - 1834.0777587890625
      refined_valid:
         - 1
         - 1
         - 1
         - 1
      successful_scale_longest_sides:
         - 1805
         - 1289
         - 1003
         - 752
         - 564
         - 376
      corner_verification_debug:
         -
            corner_index: 0
            coarse_corner:
               - 1762.0687255859375
               - 2562.75146484375
            verified_corner:
               - 1762.0687255859375
               - 2562.75146484375
            subpix_corner:
               - 1772.0216064453125
               - 2560.124755859375
            verification_roi:
               - 1725
               - 2525
               - 76
               - 76
            prev_edge_direction:
               - 0.053621783852577209
               - -0.9985613226890564
            next_edge_direction:
               - 0.99831908941268921
               - 0.057956293225288391
            prev_marker_support_points:
               -
                  - 1772.7386474609375
                  - 2530.031005859375
               -
                  - 1772.4796142578125
                  - 2516.206298828125
               -
                  - 1772.220458984375
                  - 2502.381591796875
               -
                  - 1772.9598388671875
                  - 2488.610595703125
               -
                  - 1772.7008056640625
                  - 2474.7861328125
               -
                  - 1772.4417724609375
                  - 2460.961669921875
               -
                  - 1772.1827392578125
                  - 2447.13720703125
               -
                  - 1772.9222412109375
                  - 2433.3662109375
               -
                  - 1773.6617431640625
                  - 2419.59521484375
               -
                  - 1773.4027099609375
                  - 2405.770751953125
               -
                  - 1774.1422119140625
                  - 2391.999755859375
               -
                  - 1773.8829345703125
                  - 2378.175048828125
               -
                  - 1774.6224365234375
                  - 2364.404052734375
               -
                  - 1775.3619384765625
                  - 2350.633056640625
               -
                  - 1775.1029052734375
                  - 2336.80859375
               -
                  - 1775.8424072265625
                  - 2323.037841796875
            next_marker_support_points:
               -
                  - 1795.36865234375
                  - 2562.781494140625
               -
                  - 1809.6041259765625
                  - 2563.60791015625
               -
                  - 1823.78173828125
                  - 2565.4326171875
               -
                  - 1837.9593505859375
                  - 2567.25732421875
               -
                  - 1852.1949462890625
                  - 2568.083740234375
               -
                  - 1866.430419921875
                  - 2568.91015625
               -
                  - 1880.6080322265625
                  - 2570.73486328125
               -
                  - 1894.843505859375
                  - 2571.5615234375
               -
                  - 1909.0791015625
                  - 2572.387939453125
               -
                  - 1923.2567138671875
                  - 2574.212646484375
               -
                  - 1937.4921875
                  - 2575.0390625
               -
                  - 1951.727783203125
                  - 2575.865478515625
               -
                  - 1965.9632568359375
                  - 2576.69189453125
               -
                  - 1980.1988525390625
                  - 2577.518310546875
               -
                  - 1994.3763427734375
                  - 2579.343017578125
               -
                  - 2008.553955078125
                  - 2581.167724609375
            prev_branch_points:
               []
            next_branch_points:
               []
            local_scale: 738.792236328125
            verification_roi_radius: 37
            candidate_radius: 0
            branch_search_radius: 0
            direction_consistency_score: 1.
            local_layout_score: 1.
            verification_quality: 1.
            coarse_to_verified_displacement: 0.
            coarse_to_subpix_displacement: 10.293660163879395
            coarse_to_refined_displacement: 10.293660163879395
            corner_marker_width: 184.69805908203125
            image_line_corner:
               - 0.
               - 0.
            prev_image_line_residual: 0.
            next_image_line_residual: 0.
            prev_image_line_support_count: 0
            next_image_line_support_count: 0
            image_line_valid: 0
            line_refinement_success: 1
            line_refinement_quality: 0.78252608521007849
            line_jump: 9.6996011734008789
            line_jump_limit: 0.
            line_inside: 1
            line_seed_gap: 9.6996011734008789
            line_seed_accepted: 1
            spherical_corner:
               - 1762.0687255859375
               - 2562.75146484375
            prev_spherical_curve_points:
               []
            next_spherical_curve_points:
               []
            prev_spherical_residual: 0.
            next_spherical_residual: 0.
            prev_spherical_support_count: 0
            next_spherical_support_count: 0
            spherical_refinement_valid: 0
            spherical_refinement_applied: 0
            spherical_failure_reason: ""
            subpix_window_radius: 28
            refine_displacement_limit: 0.
            refined_valid: 1
            verification_passed: 1
            subpix_applied: 1
            failure_reason: cs_only
         -
            corner_index: 1
            coarse_corner:
               - 2524.68701171875
               - 2607.0244140625
            verified_corner:
               - 2524.68701171875
               - 2607.0244140625
            subpix_corner:
