%YAML:1.0
---
format_version: outer_detection_cache_v2
absolute_image_path: "/Users/linzhaoxian/lzx-ws/project/calibr/tartancalib/image/dataset_4-22/right_record_20260421_140151/right_vimbax_camera_right_image_raw_000081_840462340300.png"
image_file_size: 6480441
image_mtime: 1776751353
detector_config_hash: a5f7c893e3a5f9e3
image_size:
   - 4512
   - 4512
requested_board_ids:
   - 1
   - 2
   - 3
   - 4
   - 5
detections:
   -
      success: 1
      board_id: 1
      detected_tag_id: 1
      original_longest_side: 4512
      chosen_scale_longest_side: 1805
      chosen_scale_factor: 0.40004432624113473
      scale_configuration_mode: fixed_schedule
      used_corner_fusion: 1
      hamming: 0
      good: 1
      attempted_local_patch_rescue: 0
      used_local_patch_rescue: 0
      local_patch_rescue_summary: ""
      quality: 0.95252571371438954
      failure_reason: 0
      failure_reason_text: None
      coarse_corners_scaled_image:
         -
            - 700.67852783203125
            - 1032.6861572265625
         -
            - 1010.83740234375
            - 1051.5660400390625
         -
            - 1021.0928955078125
            - 735.5128173828125
         -
            - 717.220947265625
            - 731.9334716796875
      coarse_corners_original_image:
         -
            - 1751.502197265625
            - 2581.429443359375
         -
            - 2526.8134765625
            - 2628.623779296875
         -
            - 2552.449462890625
            - 1838.578369140625
         -
            - 1792.8536376953125
            - 1829.630859375
      refined_corners_original_image:
         -
            - 1761.78564453125
            - 2578.44775390625
         -
            - 2522.87841796875
            - 2624.956787109375
         -
            - 2548.243408203125
            - 1847.8350830078125
         -
            - 1801.26025390625
            - 1838.54833984375
      refined_valid:
         - 1
         - 1
         - 1
         - 1
      successful_scale_longest_sides:
         - 1805
         - 1289
         - 1003
         - 752
         - 564
         - 376
      corner_verification_debug:
         -
            corner_index: 0
            coarse_corner:
               - 1751.502197265625
               - 2581.429443359375
            verified_corner:
               - 1751.502197265625
               - 2581.429443359375
            subpix_corner:
               - 1761.78564453125
               - 2578.44775390625
            verification_roi:
               - 1713
               - 2543
               - 78
               - 78
            prev_edge_direction:
               - 0.054920338094234467
               - -0.99849075078964233
            next_edge_direction:
               - 0.99815249443054199
               - 0.060759007930755615
            prev_marker_support_points:
               -
                  - 1763.947021484375
                  - 2548.1806640625
               -
                  - 1763.720458984375
                  - 2534.09228515625
               -
                  - 1759.499755859375
                  - 2519.783935546875
               -
                  - 1759.2733154296875
                  - 2505.695556640625
               -
                  - 1759.046630859375
                  - 2491.60693359375
               -
                  - 1759.818603515625
                  - 2477.573486328125
               -
                  - 1760.5904541015625
                  - 2463.539794921875
               -
                  - 1760.36376953125
                  - 2449.451416015625
               -
                  - 1760.1373291015625
                  - 2435.36279296875
               -
                  - 1760.9091796875
                  - 2421.329345703125
               -
                  - 1760.6824951171875
                  - 2407.24072265625
               -
                  - 1761.4544677734375
                  - 2393.207275390625
               -
                  - 1761.2279052734375
                  - 2379.11865234375
               -
                  - 1761.999755859375
                  - 2365.085205078125
               -
                  - 1762.771728515625
                  - 2351.051513671875
               -
                  - 1767.5374755859375
                  - 2337.23779296875
            next_marker_support_points:
               -
                  - 1785.17578125
                  - 2585.883544921875
               -
                  - 1800.2559814453125
                  - 2576.783203125
               -
                  - 1814.06005859375
                  - 2588.643798828125
               -
                  - 1829.14013671875
                  - 2579.54296875
               -
                  - 1842.8834228515625
                  - 2592.402099609375
               -
                  - 1858.0242919921875
                  - 2582.30322265625
               -
                  - 1872.4967041015625
                  - 2583.184326171875
               -
                  - 1886.9085693359375
                  - 2585.063232421875
               -
                  - 1901.3809814453125
                  - 2585.9443359375
               -
                  - 1915.18505859375
                  - 2597.804931640625
               -
                  - 1930.26513671875
                  - 2588.704345703125
               -
                  - 1944.7376708984375
                  - 2589.58544921875
               -
                  - 1959.1494140625
                  - 2591.46435546875
               -
                  - 1973.621826171875
                  - 2592.345458984375
               -
                  - 1987.365234375
                  - 2605.2041015625
               -
                  - 2002.5059814453125
                  - 2595.10546875
            prev_branch_points:
               []
            next_branch_points:
               []
            local_scale: 752.9349365234375
            verification_roi_radius: 38
            candidate_radius: 0
            branch_search_radius: 0
            direction_consistency_score: 1.
            local_layout_score: 1.
            verification_quality: 1.
            coarse_to_verified_displacement: 0.
            coarse_to_subpix_displacement: 10.706995964050293
            coarse_to_refined_displacement: 10.706995964050293
            corner_marker_width: 188.23373413085938
            image_line_corner:
               - 0.
               - 0.
            prev_image_line_residual: 0.
            next_image_line_residual: 0.
            prev_image_line_support_count: 0
            next_image_line_support_count: 0
            image_line_valid: 0
            line_refinement_success: 0
            line_refinement_quality: 0.
            line_jump: 3119.541259765625
            line_jump_limit: 0.
            line_inside: 0
            line_seed_gap: 3119.541259765625
            line_seed_accepted: 0
            spherical_corner:
               - 1751.502197265625
               - 2581.429443359375
            prev_spherical_curve_points:
               []
            next_spherical_curve_points:
               []
            prev_spherical_residual: 0.
            next_spherical_residual: 0.
            prev_spherical_support_count: 0
            next_spherical_support_count: 0
            spherical_refinement_valid: 0
            spherical_refinement_applied: 0
            spherical_failure_reason: ""
            subpix_window_radius: 28
            refine_displacement_limit: 0.
            refined_valid: 1
            verification_passed: 1
            subpix_applied: 1
            failure_reason: cs_only
         -
            corner_index: 1
            coarse_corner:
               - 2526.8134765625
               - 2628.623779296875
            verified_corner:
               - 2526.8134765625
               - 2628.623779296875
            subpix_corner:
               - 2522.87841796875
