%YAML:1.0
---
format_version: outer_detection_cache_v2
absolute_image_path: "/Users/linzhaoxian/lzx-ws/project/calibr/tartancalib/image/dataset_4-22/right_record_20260421_140151/right_vimbax_camera_right_image_raw_000074_837095719900.png"
image_file_size: 6535228
image_mtime: 1776751349
detector_config_hash: a5f7c893e3a5f9e3
image_size:
   - 4512
   - 4512
requested_board_ids:
   - 1
   - 2
   - 3
   - 4
   - 5
detections:
   -
      success: 1
      board_id: 1
      detected_tag_id: 1
      original_longest_side: 4512
      chosen_scale_longest_side: 1289
      chosen_scale_factor: 0.28568262411347517
      scale_configuration_mode: fixed_schedule
      used_corner_fusion: 1
      hamming: 0
      good: 1
      attempted_local_patch_rescue: 0
      used_local_patch_rescue: 0
      local_patch_rescue_summary: ""
      quality: 0.94669079883522622
      failure_reason: 0
      failure_reason_text: None
      coarse_corners_scaled_image:
         -
            - 495.771484375
            - 744.93524169921875
         -
            - 740.61895751953125
            - 759.45245361328125
         -
            - 746.56854248046875
            - 510.62469482421875
         -
            - 508.78744506835938
            - 509.66473388671875
      coarse_corners_original_image:
         -
            - 1735.3924560546875
            - 2607.562255859375
         -
            - 2592.45361328125
            - 2658.378173828125
         -
            - 2613.279541015625
            - 1787.384521484375
         -
            - 1780.953369140625
            - 1784.0242919921875
      refined_corners_original_image:
         -
            - 1747.2222900390625
            - 2603.158935546875
         -
            - 2587.226318359375
            - 2653.655517578125
         -
            - 2607.345703125
            - 1798.504638671875
         -
            - 1791.745361328125
            - 1795.9200439453125
      refined_valid:
         - 1
         - 1
         - 1
         - 1
      successful_scale_longest_sides:
         - 1289
         - 1003
         - 752
         - 564
         - 376
      corner_verification_debug:
         -
            corner_index: 0
            coarse_corner:
               - 1735.3924560546875
               - 2607.562255859375
            verified_corner:
               - 1735.3924560546875
               - 2607.562255859375
            subpix_corner:
               - 1747.2222900390625
               - 2603.158935546875
            verification_roi:
               - 1694
               - 2566
               - 84
               - 84
            prev_edge_direction:
               - 0.055238921195268631
               - -0.99847316741943359
            next_edge_direction:
               - 0.99824690818786621
               - 0.059186946600675583
            prev_marker_support_points:
               -
                  - 1741.1370849609375
                  - 2570.707275390625
               -
                  - 1741.987548828125
                  - 2555.334716796875
               -
                  - 1742.8380126953125
                  - 2539.9619140625
               -
                  - 1741.6915283203125
                  - 2524.47900390625
               -
                  - 1741.5435791015625
                  - 2509.05078125
               -
                  - 1741.3955078125
                  - 2493.622802734375
               -
                  - 1741.24755859375
                  - 2478.195068359375
               -
                  - 1742.0980224609375
                  - 2462.822265625
               -
                  - 1741.949951171875
                  - 2447.39453125
               -
                  - 1741.802001953125
                  - 2431.96630859375
               -
                  - 1742.6524658203125
                  - 2416.593505859375
               -
                  - 1743.5029296875
                  - 2401.220947265625
               -
                  - 1743.3548583984375
                  - 2385.79296875
               -
                  - 1743.2069091796875
                  - 2370.364990234375
               -
                  - 1744.057373046875
                  - 2354.992431640625
               -
                  - 1744.9078369140625
                  - 2339.61962890625
            next_marker_support_points:
               -
                  - 1772.60302734375
                  - 2607.063720703125
               -
                  - 1788.6015625
                  - 2608.01220703125
               -
                  - 1804.540771484375
                  - 2609.959228515625
               -
                  - 1820.4801025390625
                  - 2611.906005859375
               -
                  - 1836.478515625
                  - 2612.8544921875
               -
                  - 1852.41796875
                  - 2614.801513671875
               -
                  - 1868.357177734375
                  - 2616.748046875
               -
                  - 1884.355712890625
                  - 2617.696533203125
               -
                  - 1900.294921875
                  - 2619.6435546875
               -
                  - 1916.29345703125
                  - 2620.592041015625
               -
                  - 1932.232666015625
                  - 2622.538818359375
               -
                  - 1948.231201171875
                  - 2623.4873046875
               -
                  - 1964.17041015625
                  - 2625.434326171875
               -
                  - 1980.1689453125
                  - 2626.3828125
               -
                  - 1996.108154296875
                  - 2628.32958984375
               -
                  - 2012.106689453125
                  - 2629.2783203125
            prev_branch_points:
               []
            next_branch_points:
               []
            local_scale: 824.79730224609375
            verification_roi_radius: 41
            candidate_radius: 0
            branch_search_radius: 0
            direction_consistency_score: 1.
            local_layout_score: 1.
            verification_quality: 1.
            coarse_to_verified_displacement: 0.
            coarse_to_subpix_displacement: 12.62276554107666
            coarse_to_refined_displacement: 12.62276554107666
            corner_marker_width: 206.19932556152344
            image_line_corner:
               - 0.
               - 0.
            prev_image_line_residual: 0.
            next_image_line_residual: 0.
            prev_image_line_support_count: 0
            next_image_line_support_count: 0
            image_line_valid: 0
            line_refinement_success: 0
            line_refinement_quality: 0.
            line_jump: 3132.24658203125
            line_jump_limit: 0.
            line_inside: 0
            line_seed_gap: 3132.24658203125
            line_seed_accepted: 0
            spherical_corner:
               - 1735.3924560546875
               - 2607.562255859375
            prev_spherical_curve_points:
               []
            next_spherical_curve_points:
               []
            prev_spherical_residual: 0.
            next_spherical_residual: 0.
            prev_spherical_support_count: 0
            next_spherical_support_count: 0
            spherical_refinement_valid: 0
            spherical_refinement_applied: 0
            spherical_failure_reason: ""
            subpix_window_radius: 31
            refine_displacement_limit: 0.
            refined_valid: 1
            verification_passed: 1
            subpix_applied: 1
            failure_reason: cs_only
         -
            corner_index: 1
            coarse_corner:
               - 2592.45361328125
               - 2658.378173828125
            verified_corner:
               - 2592.45361328125
               - 2658.378173828125
            subpix_corner:
               - 2587.226318359375
               - 2653.655517578125
