%YAML:1.0
---
format_version: outer_detection_cache_v2
absolute_image_path: "/Users/linzhaoxian/lzx-ws/project/calibr/tartancalib/image/dataset_4-22/right_record_20260421_140151/right_vimbax_camera_right_image_raw_000063_831805316300.png"
image_file_size: 6487871
image_mtime: 1776751344
detector_config_hash: a5f7c893e3a5f9e3
image_size:
   - 4512
   - 4512
requested_board_ids:
   - 1
   - 2
   - 3
   - 4
   - 5
detections:
   -
      success: 1
      board_id: 1
      detected_tag_id: 1
      original_longest_side: 4512
      chosen_scale_longest_side: 1289
      chosen_scale_factor: 0.28568262411347517
      scale_configuration_mode: fixed_schedule
      used_corner_fusion: 1
      hamming: 0
      good: 1
      attempted_local_patch_rescue: 0
      used_local_patch_rescue: 0
      local_patch_rescue_summary: ""
      quality: 0.9383665184178861
      failure_reason: 0
      failure_reason_text: None
      coarse_corners_scaled_image:
         -
            - 504.28594970703125
            - 759.28350830078125
         -
            - 744.50628662109375
            - 767.40673828125
         -
            - 743.43133544921875
            - 521.11871337890625
         -
            - 509.33200073242188
            - 528.22796630859375
      coarse_corners_original_image:
         -
            - 1765.1964111328125
            - 2657.786865234375
         -
            - 2606.060791015625
            - 2686.22119140625
         -
            - 2602.298095703125
            - 1824.11767578125
         -
            - 1782.859619140625
            - 1849.002685546875
      refined_corners_original_image:
         -
            - 1776.7938232421875
            - 2653.507568359375
         -
            - 2601.51123046875
            - 2681.6328125
         -
            - 2596.90576171875
            - 1835.14892578125
         -
            - 1793.3529052734375
            - 1859.977783203125
      refined_valid:
         - 1
         - 1
         - 1
         - 1
      successful_scale_longest_sides:
         - 1289
         - 1003
         - 752
         - 564
         - 376
      corner_verification_debug:
         -
            corner_index: 0
            coarse_corner:
               - 1765.1964111328125
               - 2657.786865234375
            verified_corner:
               - 1765.1964111328125
               - 2657.786865234375
            subpix_corner:
               - 1776.7938232421875
               - 2653.507568359375
            verification_roi:
               - 1725
               - 2617
               - 82
               - 82
            prev_edge_direction:
               - 0.021834004670381546
               - -0.99976158142089844
            next_edge_direction:
               - 0.99942868947982788
               - 0.033796273171901703
            prev_marker_support_points:
               -
                  - 1775.98876953125
                  - 2621.60986328125
               -
                  - 1775.3187255859375
                  - 2606.49072265625
               -
                  - 1774.648681640625
                  - 2591.37158203125
               -
                  - 1774.9783935546875
                  - 2576.274169921875
               -
                  - 1774.308349609375
                  - 2561.1552734375
               -
                  - 1773.6383056640625
                  - 2546.0361328125
               -
                  - 1772.96826171875
                  - 2530.9169921875
               -
                  - 1773.2979736328125
                  - 2515.819580078125
               -
                  - 1772.6279296875
                  - 2500.700439453125
               -
                  - 1772.9576416015625
                  - 2485.603271484375
               -
                  - 1772.28759765625
                  - 2470.48388671875
               -
                  - 1772.6173095703125
                  - 2455.38671875
               -
                  - 1771.947265625
                  - 2440.267578125
               -
                  - 1772.277099609375
                  - 2425.17041015625
               -
                  - 1771.6070556640625
                  - 2410.051025390625
               -
                  - 1771.936767578125
                  - 2394.953857421875
            next_marker_support_points:
               -
                  - 1801.647216796875
                  - 2657.018310546875
               -
                  - 1817.3095703125
                  - 2658.54833984375
               -
                  - 1832.9718017578125
                  - 2660.07861328125
               -
                  - 1848.6341552734375
                  - 2661.609130859375
               -
                  - 1864.330322265625
                  - 2662.139892578125
               -
                  - 1879.99267578125
                  - 2663.669921875
               -
                  - 1895.688720703125
                  - 2664.20068359375
               -
                  - 1911.35107421875
                  - 2665.73095703125
               -
                  - 1927.0135498046875
                  - 2667.26123046875
               -
                  - 1942.709716796875
                  - 2667.7919921875
               -
                  - 1958.3719482421875
                  - 2669.322021484375
               -
                  - 1974.068115234375
                  - 2669.852783203125
               -
                  - 1989.73046875
                  - 2671.383056640625
               -
                  - 2005.4266357421875
                  - 2671.913818359375
               -
                  - 2021.1226806640625
                  - 2672.444580078125
               -
                  - 2036.7850341796875
                  - 2673.974853515625
            prev_branch_points:
               []
            next_branch_points:
               []
            local_scale: 808.97705078125
            verification_roi_radius: 40
            candidate_radius: 0
            branch_search_radius: 0
            direction_consistency_score: 1.
            local_layout_score: 1.
            verification_quality: 1.
            coarse_to_verified_displacement: 0.
            coarse_to_subpix_displacement: 12.361729621887207
            coarse_to_refined_displacement: 12.361729621887207
            corner_marker_width: 202.2442626953125
            image_line_corner:
               - 0.
               - 0.
            prev_image_line_residual: 0.
            next_image_line_residual: 0.
            prev_image_line_support_count: 0
            next_image_line_support_count: 0
            image_line_valid: 0
            line_refinement_success: 1
            line_refinement_quality: 0.88150516848852534
            line_jump: 11.175583839416504
            line_jump_limit: 0.
            line_inside: 1
            line_seed_gap: 11.175583839416504
            line_seed_accepted: 1
            spherical_corner:
               - 1765.1964111328125
               - 2657.786865234375
            prev_spherical_curve_points:
               []
            next_spherical_curve_points:
               []
            prev_spherical_residual: 0.
            next_spherical_residual: 0.
            prev_spherical_support_count: 0
            next_spherical_support_count: 0
            spherical_refinement_valid: 0
            spherical_refinement_applied: 0
            spherical_failure_reason: ""
            subpix_window_radius: 30
            refine_displacement_limit: 0.
            refined_valid: 1
            verification_passed: 1
            subpix_applied: 1
            failure_reason: cs_only
         -
            corner_index: 1
            coarse_corner:
               - 2606.060791015625
               - 2686.22119140625
            verified_corner:
               - 2606.060791015625
               - 2686.22119140625
            subpix_corner:
               - 2601.51123046875
