%YAML:1.0
---
format_version: outer_detection_cache_v2
absolute_image_path: "/Users/linzhaoxian/lzx-ws/project/calibr/tartancalib/image/dataset_4-22/right_record_20260421_140151/right_vimbax_camera_right_image_raw_000089_844309906500.png"
image_file_size: 6627105
image_mtime: 1776751357
detector_config_hash: a5f7c893e3a5f9e3
image_size:
   - 4512
   - 4512
requested_board_ids:
   - 1
   - 2
   - 3
   - 4
   - 5
detections:
   -
      success: 1
      board_id: 1
      detected_tag_id: 1
      original_longest_side: 4512
      chosen_scale_longest_side: 2256
      chosen_scale_factor: 0.5
      scale_configuration_mode: fixed_schedule
      used_corner_fusion: 1
      hamming: 0
      good: 1
      attempted_local_patch_rescue: 0
      used_local_patch_rescue: 0
      local_patch_rescue_summary: ""
      quality: 0.95206799932118269
      failure_reason: 0
      failure_reason_text: None
      coarse_corners_scaled_image:
         -
            - 882.09637451171875
            - 1273.512451171875
         -
            - 1263.5072021484375
            - 1296.0565185546875
         -
            - 1275.21875
            - 907.98468017578125
         -
            - 902.37249755859375
            - 904.42999267578125
      coarse_corners_original_image:
         -
            - 1764.1927490234375
            - 2547.02490234375
         -
            - 2527.014404296875
            - 2592.113037109375
         -
            - 2550.4375
            - 1815.9693603515625
         -
            - 1804.7449951171875
            - 1808.8599853515625
      refined_corners_original_image:
         -
            - 1773.1837158203125
            - 2544.01171875
         -
            - 2523.50341796875
            - 2588.636474609375
         -
            - 2546.435546875
            - 1824.3675537109375
         -
            - 1813.0184326171875
            - 1817.6744384765625
      refined_valid:
         - 1
         - 1
         - 1
         - 1
      successful_scale_longest_sides:
         - 2256
         - 1805
         - 1289
         - 1003
         - 752
         - 564
         - 376
      corner_verification_debug:
         -
            corner_index: 0
            coarse_corner:
               - 1764.1927490234375
               - 2547.02490234375
            verified_corner:
               - 1764.1927490234375
               - 2547.02490234375
            subpix_corner:
               - 1773.1837158203125
               - 2544.01171875
            verification_roi:
               - 1727
               - 2510
               - 76
               - 76
            prev_edge_direction:
               - 0.054853856563568115
               - -0.99849444627761841
            next_edge_direction:
               - 0.99825775623321533
               - 0.059004064649343491
            prev_marker_support_points:
               -
                  - 1772.9072265625
                  - 2514.185791015625
               -
                  - 1773.6641845703125
                  - 2500.40673828125
               -
                  - 1773.422607421875
                  - 2486.572998046875
               -
                  - 1773.18115234375
                  - 2472.739013671875
               -
                  - 1773.9381103515625
                  - 2458.9599609375
               -
                  - 1773.6966552734375
                  - 2445.1259765625
               -
                  - 1773.455078125
                  - 2431.292236328125
               -
                  - 1774.2120361328125
                  - 2417.51318359375
               -
                  - 1774.968994140625
                  - 2403.734130859375
               -
                  - 1774.7274169921875
                  - 2389.900146484375
               -
                  - 1775.4844970703125
                  - 2376.120849609375
               -
                  - 1775.2430419921875
                  - 2362.286865234375
               -
                  - 1776.
                  - 2348.5078125
               -
                  - 1775.7584228515625
                  - 2334.674072265625
               -
                  - 1776.515380859375
                  - 2320.89501953125
               -
                  - 1777.2723388671875
                  - 2307.115966796875
            next_marker_support_points:
               -
                  - 1797.514404296875
                  - 2547.091064453125
               -
                  - 1811.753662109375
                  - 2547.9326171875
               -
                  - 1825.9930419921875
                  - 2548.7744140625
               -
                  - 1840.1734619140625
                  - 2550.6142578125
               -
                  - 1854.4127197265625
                  - 2551.4560546875
               -
                  - 1868.5931396484375
                  - 2553.2958984375
               -
                  - 1882.83251953125
                  - 2554.137451171875
               -
                  - 1897.07177734375
                  - 2554.979248046875
               -
                  - 1911.2520751953125
                  - 2556.819091796875
               -
                  - 1925.491455078125
                  - 2557.660888671875
               -
                  - 1939.6717529296875
                  - 2559.500732421875
               -
                  - 1953.9111328125
                  - 2560.34228515625
               -
                  - 1968.1505126953125
                  - 2561.18408203125
               -
                  - 1982.3897705078125
                  - 2562.025634765625
               -
                  - 1996.5701904296875
                  - 2563.865234375
               -
                  - 2010.8094482421875
                  - 2564.70703125
            prev_branch_points:
               []
            next_branch_points:
               []
            local_scale: 739.2779541015625
            verification_roi_radius: 37
            candidate_radius: 0
            branch_search_radius: 0
            direction_consistency_score: 1.
            local_layout_score: 1.
            verification_quality: 1.
            coarse_to_verified_displacement: 0.
            coarse_to_subpix_displacement: 9.4824447631835938
            coarse_to_refined_displacement: 9.4824447631835938
            corner_marker_width: 184.81948852539062
            image_line_corner:
               - 0.
               - 0.
            prev_image_line_residual: 0.
            next_image_line_residual: 0.
            prev_image_line_support_count: 0
            next_image_line_support_count: 0
            image_line_valid: 0
            line_refinement_success: 1
            line_refinement_quality: 0.86778323387219747
            line_jump: 8.8540420532226562
            line_jump_limit: 0.
            line_inside: 1
            line_seed_gap: 8.8540420532226562
            line_seed_accepted: 1
            spherical_corner:
               - 1764.1927490234375
               - 2547.02490234375
            prev_spherical_curve_points:
               []
            next_spherical_curve_points:
               []
            prev_spherical_residual: 0.
            next_spherical_residual: 0.
            prev_spherical_support_count: 0
            next_spherical_support_count: 0
            spherical_refinement_valid: 0
            spherical_refinement_applied: 0
            spherical_failure_reason: ""
            subpix_window_radius: 28
            refine_displacement_limit: 0.
            refined_valid: 1
            verification_passed: 1
            subpix_applied: 1
            failure_reason: cs_only
         -
            corner_index: 1
            coarse_corner:
               - 2527.014404296875
               - 2592.113037109375
            verified_corner:
               - 2527.014404296875
               - 2592.113037109375
            subpix_corner:
               - 2523.50341796875
