%YAML:1.0
---
format_version: outer_detection_cache_v2
absolute_image_path: "/Users/linzhaoxian/lzx-ws/project/calibr/tartancalib/image/dataset_4-22/right_record_20260421_140151/right_vimbax_camera_right_image_raw_000107_852966930600.png"
image_file_size: 6366551
image_mtime: 1776751366
detector_config_hash: a5f7c893e3a5f9e3
image_size:
   - 4512
   - 4512
requested_board_ids:
   - 1
   - 2
   - 3
   - 4
   - 5
detections:
   -
      success: 1
      board_id: 1
      detected_tag_id: 1
      original_longest_side: 4512
      chosen_scale_longest_side: 2256
      chosen_scale_factor: 0.5
      scale_configuration_mode: fixed_schedule
      used_corner_fusion: 1
      hamming: 0
      good: 1
      attempted_local_patch_rescue: 0
      used_local_patch_rescue: 0
      local_patch_rescue_summary: ""
      quality: 0.96131998941630803
      failure_reason: 0
      failure_reason_text: None
      coarse_corners_scaled_image:
         -
            - 1118.2371826171875
            - 1262.7030029296875
         -
            - 1460.166259765625
            - 1280.721435546875
         -
            - 1467.354736328125
            - 930.85943603515625
         -
            - 1129.532958984375
            - 926.49237060546875
      coarse_corners_original_image:
         -
            - 2236.474365234375
            - 2525.406005859375
         -
            - 2920.33251953125
            - 2561.44287109375
         -
            - 2934.70947265625
            - 1861.7188720703125
         -
            - 2259.06591796875
            - 1852.9847412109375
      refined_corners_original_image:
         -
            - 2240.95458984375
            - 2524.263427734375
         -
            - 2914.238525390625
            - 2559.485107421875
         -
            - 2930.100830078125
            - 1869.535888671875
         -
            - 2263.333984375
            - 1860.1658935546875
      refined_valid:
         - 1
         - 1
         - 1
         - 1
      successful_scale_longest_sides:
         - 2256
         - 1805
         - 1003
         - 752
         - 564
         - 376
      corner_verification_debug:
         -
            corner_index: 0
            coarse_corner:
               - 2236.474365234375
               - 2525.406005859375
            verified_corner:
               - 2236.474365234375
               - 2525.406005859375
            subpix_corner:
               - 2240.95458984375
               - 2524.263427734375
            verification_roi:
               - 2202
               - 2491
               - 70
               - 70
            prev_edge_direction:
               - 0.033578373491764069
               - -0.99943608045578003
            next_edge_direction:
               - 0.99861443042755127
               - 0.052623387426137924
            prev_marker_support_points:
               -
                  - 2237.291015625
                  - 2495.14013671875
               -
                  - 2237.712646484375
                  - 2482.58837890625
               -
                  - 2238.134521484375
                  - 2470.036376953125
               -
                  - 2238.55615234375
                  - 2457.484619140625
               -
                  - 2238.977783203125
                  - 2444.932861328125
               -
                  - 2239.399658203125
                  - 2432.380859375
               -
                  - 2239.8212890625
                  - 2419.8291015625
               -
                  - 2241.242431640625
                  - 2407.310791015625
               -
                  - 2241.664306640625
                  - 2394.759033203125
               -
                  - 2241.08642578125
                  - 2382.17333984375
               -
                  - 2241.508056640625
                  - 2369.62158203125
               -
                  - 2240.9306640625
                  - 2357.036376953125
               -
                  - 2243.35107421875
                  - 2344.551513671875
               -
                  - 2242.773193359375
                  - 2331.966064453125
               -
                  - 2243.195068359375
                  - 2319.4140625
               -
                  - 2244.6162109375
                  - 2306.89599609375
            next_marker_support_points:
               -
                  - 2266.645263671875
                  - 2528.197509765625
               -
                  - 2279.41064453125
                  - 2528.8701171875
               -
                  - 2292.176025390625
                  - 2529.54296875
               -
                  - 2304.888671875
                  - 2531.21435546875
               -
                  - 2317.654052734375
                  - 2531.886962890625
               -
                  - 2330.41943359375
                  - 2532.559814453125
               -
                  - 2343.184814453125
                  - 2533.232421875
               -
                  - 2355.8974609375
                  - 2534.903564453125
               -
                  - 2368.662841796875
                  - 2535.576416015625
               -
                  - 2381.42822265625
                  - 2536.2490234375
               -
                  - 2394.193603515625
                  - 2536.921630859375
               -
                  - 2406.906494140625
                  - 2538.5927734375
               -
                  - 2419.671630859375
                  - 2539.265625
               -
                  - 2432.489501953125
                  - 2538.939697265625
               -
                  - 2445.202392578125
                  - 2540.61083984375
               -
                  - 2457.9677734375
                  - 2541.28369140625
            prev_branch_points:
               []
            next_branch_points:
               []
            local_scale: 672.8006591796875
            verification_roi_radius: 34
            candidate_radius: 0
            branch_search_radius: 0
            direction_consistency_score: 1.
            local_layout_score: 1.
            verification_quality: 1.
            coarse_to_verified_displacement: 0.
            coarse_to_subpix_displacement: 4.6236238479614258
            coarse_to_refined_displacement: 4.6236238479614258
            corner_marker_width: 168.20016479492188
            image_line_corner:
               - 0.
               - 0.
            prev_image_line_residual: 0.
            next_image_line_residual: 0.
            prev_image_line_support_count: 0
            next_image_line_support_count: 0
            image_line_valid: 0
            line_refinement_success: 1
            line_refinement_quality: 0.80683971448716463
            line_jump: 0.44191887974739075
            line_jump_limit: 0.
            line_inside: 1
            line_seed_gap: 0.44191887974739075
            line_seed_accepted: 1
            spherical_corner:
               - 2236.474365234375
               - 2525.406005859375
            prev_spherical_curve_points:
               []
            next_spherical_curve_points:
               []
            prev_spherical_residual: 0.
            next_spherical_residual: 0.
            prev_spherical_support_count: 0
            next_spherical_support_count: 0
            spherical_refinement_valid: 0
            spherical_refinement_applied: 0
            spherical_failure_reason: ""
            subpix_window_radius: 25
            refine_displacement_limit: 0.
            refined_valid: 1
            verification_passed: 1
            subpix_applied: 1
            failure_reason: cs_only
         -
            corner_index: 1
            coarse_corner:
               - 2920.33251953125
               - 2561.44287109375
            verified_corner:
               - 2920.33251953125
               - 2561.44287109375
            subpix_corner:
               - 2914.238525390625
