%YAML:1.0
---
format_version: outer_detection_cache_v2
absolute_image_path: "/Users/linzhaoxian/lzx-ws/project/calibr/tartancalib/image/dataset_4-22/right_record_20260421_140151/right_vimbax_camera_right_image_raw_000056_828438695900.png"
image_file_size: 6582588
image_mtime: 1776751340
detector_config_hash: a5f7c893e3a5f9e3
image_size:
   - 4512
   - 4512
requested_board_ids:
   - 1
   - 2
   - 3
   - 4
   - 5
detections:
   -
      success: 1
      board_id: 1
      detected_tag_id: 1
      original_longest_side: 4512
      chosen_scale_longest_side: 2256
      chosen_scale_factor: 0.5
      scale_configuration_mode: fixed_schedule
      used_corner_fusion: 1
      hamming: 0
      good: 1
      attempted_local_patch_rescue: 0
      used_local_patch_rescue: 0
      local_patch_rescue_summary: ""
      quality: 0.95922294466438396
      failure_reason: 0
      failure_reason_text: None
      coarse_corners_scaled_image:
         -
            - 919.67901611328125
            - 1321.539306640625
         -
            - 1275.7056884765625
            - 1335.262939453125
         -
            - 1280.578857421875
            - 972.4066162109375
         -
            - 928.3114013671875
            - 973.55487060546875
      coarse_corners_original_image:
         -
            - 1839.3580322265625
            - 2643.07861328125
         -
            - 2551.411376953125
            - 2670.52587890625
         -
            - 2561.15771484375
            - 1944.813232421875
         -
            - 1856.622802734375
            - 1947.1097412109375
      refined_corners_original_image:
         -
            - 1846.6339111328125
            - 2640.04443359375
         -
            - 2548.296142578125
            - 2667.04296875
         -
            - 2558.16552734375
            - 1951.44287109375
         -
            - 1863.5946044921875
            - 1953.6768798828125
      refined_valid:
         - 1
         - 1
         - 1
         - 1
      successful_scale_longest_sides:
         - 2256
         - 1805
         - 1289
         - 1003
         - 752
         - 564
         - 376
      corner_verification_debug:
         -
            corner_index: 0
            coarse_corner:
               - 1839.3580322265625
               - 2643.07861328125
            verified_corner:
               - 1839.3580322265625
               - 2643.07861328125
            subpix_corner:
               - 1846.6339111328125
               - 2640.04443359375
            verification_roi:
               - 1804
               - 2608
               - 72
               - 72
            prev_edge_direction:
               - 0.024799184873700142
               - -0.99969244003295898
            next_edge_direction:
               - 0.99925792217254639
               - 0.038518037647008896
            prev_marker_support_points:
               -
                  - 1845.6331787109375
                  - 2611.896484375
               -
                  - 1845.95556640625
                  - 2598.905029296875
               -
                  - 1845.2781982421875
                  - 2585.888671875
               -
                  - 1845.6004638671875
                  - 2572.897216796875
               -
                  - 1844.9229736328125
                  - 2559.88134765625
               -
                  - 1845.2452392578125
                  - 2546.889892578125
               -
                  - 1845.5675048828125
                  - 2533.8984375
               -
                  - 1844.89013671875
                  - 2520.882080078125
               -
                  - 1845.21240234375
                  - 2507.890625
               -
                  - 1844.534912109375
                  - 2494.874267578125
               -
                  - 1844.857177734375
                  - 2481.8828125
               -
                  - 1845.179443359375
                  - 2468.8916015625
               -
                  - 1844.5020751953125
                  - 2455.87548828125
               -
                  - 1844.824462890625
                  - 2442.884033203125
               -
                  - 1845.146728515625
                  - 2429.892578125
               -
                  - 1845.468994140625
                  - 2416.901123046875
            next_marker_support_points:
               -
                  - 1870.720703125
                  - 2642.78662109375
               -
                  - 1884.012451171875
                  - 2643.298828125
               -
                  - 1897.265625
                  - 2644.810546875
               -
                  - 1910.5572509765625
                  - 2645.32275390625
               -
                  - 1923.8104248046875
                  - 2646.834228515625
               -
                  - 1937.10205078125
                  - 2647.3466796875
               -
                  - 1950.355224609375
                  - 2648.858154296875
               -
                  - 1963.64697265625
                  - 2649.37060546875
               -
                  - 1976.9000244140625
                  - 2650.882080078125
               -
                  - 1990.191650390625
                  - 2651.39453125
               -
                  - 2003.4832763671875
                  - 2651.90673828125
               -
                  - 2016.736572265625
                  - 2653.41845703125
               -
                  - 2030.0281982421875
                  - 2653.930908203125
               -
                  - 2043.31982421875
                  - 2654.443115234375
               -
                  - 2056.611572265625
                  - 2654.95556640625
               -
                  - 2069.9033203125
                  - 2655.4677734375
            prev_branch_points:
               []
            next_branch_points:
               []
            local_scale: 696.1829833984375
            verification_roi_radius: 35
            candidate_radius: 0
            branch_search_radius: 0
            direction_consistency_score: 1.
            local_layout_score: 1.
            verification_quality: 1.
            coarse_to_verified_displacement: 0.
            coarse_to_subpix_displacement: 7.8831882476806641
            coarse_to_refined_displacement: 7.8831882476806641
            corner_marker_width: 174.04574584960938
            image_line_corner:
               - 0.
               - 0.
            prev_image_line_residual: 0.
            next_image_line_residual: 0.
            prev_image_line_support_count: 0
            next_image_line_support_count: 0
            image_line_valid: 0
            line_refinement_success: 1
            line_refinement_quality: 0.86772473562225039
            line_jump: 6.8479795455932617
            line_jump_limit: 0.
            line_inside: 1
            line_seed_gap: 6.8479795455932617
            line_seed_accepted: 1
            spherical_corner:
               - 1839.3580322265625
               - 2643.07861328125
            prev_spherical_curve_points:
               []
            next_spherical_curve_points:
               []
            prev_spherical_residual: 0.
            next_spherical_residual: 0.
            prev_spherical_support_count: 0
            next_spherical_support_count: 0
            spherical_refinement_valid: 0
            spherical_refinement_applied: 0
            spherical_failure_reason: ""
            subpix_window_radius: 26
            refine_displacement_limit: 0.
            refined_valid: 1
            verification_passed: 1
            subpix_applied: 1
            failure_reason: cs_only
         -
            corner_index: 1
            coarse_corner:
               - 2551.411376953125
               - 2670.52587890625
            verified_corner:
               - 2551.411376953125
               - 2670.52587890625
            subpix_corner:
               - 2548.296142578125
