%YAML:1.0
---
format_version: outer_detection_cache_v2
absolute_image_path: "/Users/linzhaoxian/lzx-ws/project/calibr/tartancalib/image/dataset_4-22/right_record_20260421_140151/right_vimbax_camera_right_image_raw_000080_839981394500.png"
image_file_size: 6541146
image_mtime: 1776751352
detector_config_hash: a5f7c893e3a5f9e3
image_size:
   - 4512
   - 4512
requested_board_ids:
   - 1
   - 2
   - 3
   - 4
   - 5
detections:
   -
      success: 1
      board_id: 1
      detected_tag_id: 1
      original_longest_side: 4512
      chosen_scale_longest_side: 2256
      chosen_scale_factor: 0.5
      scale_configuration_mode: fixed_schedule
      used_corner_fusion: 1
      hamming: 0
      good: 1
      attempted_local_patch_rescue: 0
      used_local_patch_rescue: 0
      local_patch_rescue_summary: ""
      quality: 0.95086965175031224
      failure_reason: 0
      failure_reason_text: None
      coarse_corners_scaled_image:
         -
            - 870.1793212890625
            - 1295.787841796875
         -
            - 1268.814208984375
            - 1319.7843017578125
         -
            - 1280.4793701171875
            - 915.9154052734375
         -
            - 893.87030029296875
            - 912.3321533203125
      coarse_corners_original_image:
         -
            - 1740.358642578125
            - 2591.57568359375
         -
            - 2537.62841796875
            - 2639.568603515625
         -
            - 2560.958740234375
            - 1831.830810546875
         -
            - 1787.7406005859375
            - 1824.664306640625
      refined_corners_original_image:
         -
            - 1755.6798095703125
            - 2588.42236328125
         -
            - 2533.848388671875
            - 2635.44384765625
         -
            - 2556.948486328125
            - 1840.575927734375
         -
            - 1794.5489501953125
            - 1834.19384765625
      refined_valid:
         - 1
         - 1
         - 1
         - 1
      successful_scale_longest_sides:
         - 2256
         - 1805
         - 1289
         - 1003
         - 752
         - 564
         - 376
      corner_verification_debug:
         -
            corner_index: 0
            coarse_corner:
               - 1740.358642578125
               - 2591.57568359375
            verified_corner:
               - 1740.358642578125
               - 2591.57568359375
            subpix_corner:
               - 1755.6798095703125
               - 2588.42236328125
            verification_roi:
               - 1702
               - 2553
               - 78
               - 78
            prev_edge_direction:
               - 0.061665255576372147
               - -0.99809694290161133
            next_edge_direction:
               - 0.99819314479827881
               - 0.060087818652391434
            prev_marker_support_points:
               -
                  - 1752.0726318359375
                  - 2557.65673828125
               -
                  - 1750.9608154296875
                  - 2543.2177734375
               -
                  - 1751.8453369140625
                  - 2528.902099609375
               -
                  - 1751.7315673828125
                  - 2514.524658203125
               -
                  - 1751.6180419921875
                  - 2500.147216796875
               -
                  - 1751.5042724609375
                  - 2485.77001953125
               -
                  - 1751.3907470703125
                  - 2471.392578125
               -
                  - 1752.2752685546875
                  - 2457.076904296875
               -
                  - 1752.16162109375
                  - 2442.69970703125
               -
                  - 1752.0479736328125
                  - 2428.322265625
               -
                  - 1752.932373046875
                  - 2414.006591796875
               -
                  - 1752.81884765625
                  - 2399.62939453125
               -
                  - 1752.705078125
                  - 2385.251953125
               -
                  - 1753.589599609375
                  - 2370.936279296875
               -
                  - 1753.4759521484375
                  - 2356.558837890625
               -
                  - 1754.3604736328125
                  - 2342.2431640625
            next_marker_support_points:
               -
                  - 1775.0291748046875
                  - 2591.05810546875
               -
                  - 1789.91162109375
                  - 2591.9541015625
               -
                  - 1804.73388671875
                  - 2593.847900390625
               -
                  - 1819.55615234375
                  - 2595.741943359375
               -
                  - 1834.4384765625
                  - 2596.637939453125
               -
                  - 1849.2607421875
                  - 2598.53173828125
               -
                  - 1864.1431884765625
                  - 2599.427734375
               -
                  - 1878.9654541015625
                  - 2601.32177734375
               -
                  - 1893.8477783203125
                  - 2602.2177734375
               -
                  - 1908.670166015625
                  - 2604.11181640625
               -
                  - 1923.552490234375
                  - 2605.0078125
               -
                  - 1938.4349365234375
                  - 2605.903564453125
               -
                  - 1953.257080078125
                  - 2607.797607421875
               -
                  - 1968.139404296875
                  - 2608.693359375
               -
                  - 1983.0218505859375
                  - 2609.58935546875
               -
                  - 1997.8441162109375
                  - 2611.4833984375
            prev_branch_points:
               []
            next_branch_points:
               []
            local_scale: 768.3736572265625
            verification_roi_radius: 38
            candidate_radius: 0
            branch_search_radius: 0
            direction_consistency_score: 1.
            local_layout_score: 1.
            verification_quality: 1.
            coarse_to_verified_displacement: 0.
            coarse_to_subpix_displacement: 15.642301559448242
            coarse_to_refined_displacement: 15.642301559448242
            corner_marker_width: 192.09341430664062
            image_line_corner:
               - 0.
               - 0.
            prev_image_line_residual: 0.
            next_image_line_residual: 0.
            prev_image_line_support_count: 0
            next_image_line_support_count: 0
            image_line_valid: 0
            line_refinement_success: 1
            line_refinement_quality: 0.83351978321555398
            line_jump: 11.062568664550781
            line_jump_limit: 0.
            line_inside: 1
            line_seed_gap: 11.062568664550781
            line_seed_accepted: 1
            spherical_corner:
               - 1740.358642578125
               - 2591.57568359375
            prev_spherical_curve_points:
               []
            next_spherical_curve_points:
               []
            prev_spherical_residual: 0.
            next_spherical_residual: 0.
            prev_spherical_support_count: 0
            next_spherical_support_count: 0
            spherical_refinement_valid: 0
            spherical_refinement_applied: 0
            spherical_failure_reason: ""
            subpix_window_radius: 29
            refine_displacement_limit: 0.
            refined_valid: 1
            verification_passed: 1
            subpix_applied: 1
            failure_reason: cs_only
         -
            corner_index: 1
            coarse_corner:
               - 2537.62841796875
               - 2639.568603515625
            verified_corner:
               - 2537.62841796875
               - 2639.568603515625
            subpix_corner:
