%YAML:1.0
---
format_version: outer_detection_cache_v2
absolute_image_path: "/Users/linzhaoxian/lzx-ws/project/calibr/tartancalib/image/dataset_4-22/right_record_20260421_140151/right_vimbax_camera_right_image_raw_000090_844790852300.png"
image_file_size: 6652480
image_mtime: 1776751357
detector_config_hash: a5f7c893e3a5f9e3
image_size:
   - 4512
   - 4512
requested_board_ids:
   - 1
   - 2
   - 3
   - 4
   - 5
detections:
   -
      success: 1
      board_id: 1
      detected_tag_id: 1
      original_longest_side: 4512
      chosen_scale_longest_side: 3008
      chosen_scale_factor: 0.66666666666666663
      scale_configuration_mode: fixed_schedule
      used_corner_fusion: 1
      hamming: 0
      good: 1
      attempted_local_patch_rescue: 0
      used_local_patch_rescue: 0
      local_patch_rescue_summary: ""
      quality: 0.95197850165024989
      failure_reason: 0
      failure_reason_text: None
      coarse_corners_scaled_image:
         -
            - 1174.216796875
            - 1698.1060791015625
         -
            - 1683.611328125
            - 1728.6702880859375
         -
            - 1699.587890625
            - 1211.2877197265625
         -
            - 1202.64111328125
            - 1206.1546630859375
      coarse_corners_original_image:
         -
            - 1761.3251953125
            - 2547.1591796875
         -
            - 2525.4169921875
            - 2593.00537109375
         -
            - 2549.3818359375
            - 1816.9315185546875
         -
            - 1803.961669921875
            - 1809.23193359375
      refined_corners_original_image:
         -
            - 1771.5357666015625
            - 2544.291748046875
         -
            - 2521.674072265625
            - 2589.2802734375
         -
            - 2544.976806640625
            - 1825.107177734375
         -
            - 1811.70361328125
            - 1818.01123046875
      refined_valid:
         - 1
         - 1
         - 1
         - 1
      successful_scale_longest_sides:
         - 3008
         - 2256
         - 1805
         - 1289
         - 1003
         - 752
         - 564
         - 376
      corner_verification_debug:
         -
            corner_index: 0
            coarse_corner:
               - 1761.3251953125
               - 2547.1591796875
            verified_corner:
               - 1761.3251953125
               - 2547.1591796875
            subpix_corner:
               - 1771.5357666015625
               - 2544.291748046875
            verification_roi:
               - 1724
               - 2510
               - 76
               - 76
            prev_edge_direction:
               - 0.057682495564222336
               - -0.99833500385284424
            next_edge_direction:
               - 0.99820482730865479
               - 0.059893183410167694
            prev_marker_support_points:
               -
                  - 1771.1307373046875
                  - 2514.408203125
               -
                  - 1771.926513671875
                  - 2500.633544921875
               -
                  - 1771.72412109375
                  - 2486.801025390625
               -
                  - 1771.5216064453125
                  - 2472.96875
               -
                  - 1771.3192138671875
                  - 2459.13671875
               -
                  - 1772.1151123046875
                  - 2445.362060546875
               -
                  - 1771.9127197265625
                  - 2431.529541015625
               -
                  - 1772.7086181640625
                  - 2417.7548828125
               -
                  - 1772.5059814453125
                  - 2403.922607421875
               -
                  - 1773.3018798828125
                  - 2390.14794921875
               -
                  - 1773.0994873046875
                  - 2376.315673828125
               -
                  - 1773.8953857421875
                  - 2362.541015625
               -
                  - 1774.6912841796875
                  - 2348.766357421875
               -
                  - 1774.4888916015625
                  - 2334.93408203125
               -
                  - 1775.2847900390625
                  - 2321.159423828125
               -
                  - 1775.0821533203125
                  - 2307.326904296875
            next_marker_support_points:
               -
                  - 1794.641357421875
                  - 2547.2548828125
               -
                  - 1808.9044189453125
                  - 2548.110595703125
               -
                  - 1823.16748046875
                  - 2548.966552734375
               -
                  - 1837.3707275390625
                  - 2550.8203125
               -
                  - 1851.6337890625
                  - 2551.676025390625
               -
                  - 1865.8367919921875
                  - 2553.5302734375
               -
                  - 1880.099853515625
                  - 2554.385986328125
               -
                  - 1894.3629150390625
                  - 2555.24169921875
               -
                  - 1908.5660400390625
                  - 2557.095947265625
               -
                  - 1922.8291015625
                  - 2557.95166015625
               -
                  - 1937.0323486328125
                  - 2559.805419921875
               -
                  - 1951.29541015625
                  - 2560.661376953125
               -
                  - 1965.5584716796875
                  - 2561.51708984375
               -
                  - 1979.821533203125
                  - 2562.372802734375
               -
                  - 1994.08447265625
                  - 2563.228759765625
               -
                  - 2008.28759765625
                  - 2565.082763671875
            prev_branch_points:
               []
            next_branch_points:
               []
            local_scale: 739.157958984375
            verification_roi_radius: 37
            candidate_radius: 0
            branch_search_radius: 0
            direction_consistency_score: 1.
            local_layout_score: 1.
            verification_quality: 1.
            coarse_to_verified_displacement: 0.
            coarse_to_subpix_displacement: 10.605561256408691
            coarse_to_refined_displacement: 10.605561256408691
            corner_marker_width: 184.78948974609375
            image_line_corner:
               - 0.
               - 0.
            prev_image_line_residual: 0.
            next_image_line_residual: 0.
            prev_image_line_support_count: 0
            next_image_line_support_count: 0
            image_line_valid: 0
            line_refinement_success: 1
            line_refinement_quality: 0.84954858031166403
            line_jump: 9.8792629241943359
            line_jump_limit: 0.
            line_inside: 1
            line_seed_gap: 9.8792629241943359
            line_seed_accepted: 1
            spherical_corner:
               - 1761.3251953125
               - 2547.1591796875
            prev_spherical_curve_points:
               []
            next_spherical_curve_points:
               []
            prev_spherical_residual: 0.
            next_spherical_residual: 0.
            prev_spherical_support_count: 0
            next_spherical_support_count: 0
            spherical_refinement_valid: 0
            spherical_refinement_applied: 0
            spherical_failure_reason: ""
            subpix_window_radius: 28
            refine_displacement_limit: 0.
            refined_valid: 1
            verification_passed: 1
            subpix_applied: 1
            failure_reason: cs_only
         -
            corner_index: 1
            coarse_corner:
               - 2525.4169921875
               - 2593.00537109375
            verified_corner:
               - 2525.4169921875
               - 2593.00537109375
            subpix_corner:
