%YAML:1.0
---
format_version: outer_detection_cache_v2
absolute_image_path: "/Users/linzhaoxian/lzx-ws/project/calibr/tartancalib/image/dataset_4-22/right_record_20260421_140151/right_vimbax_camera_right_image_raw_000096_847676527000.png"
image_file_size: 6531087
image_mtime: 1776751360
detector_config_hash: a5f7c893e3a5f9e3
image_size:
   - 4512
   - 4512
requested_board_ids:
   - 1
   - 2
   - 3
   - 4
   - 5
detections:
   -
      success: 1
      board_id: 1
      detected_tag_id: 1
      original_longest_side: 4512
      chosen_scale_longest_side: 3008
      chosen_scale_factor: 0.66666666666666663
      scale_configuration_mode: fixed_schedule
      used_corner_fusion: 1
      hamming: 0
      good: 1
      attempted_local_patch_rescue: 0
      used_local_patch_rescue: 0
      local_patch_rescue_summary: ""
      quality: 0.96268340938087271
      failure_reason: 0
      failure_reason_text: None
      coarse_corners_scaled_image:
         -
            - 1202.7005615234375
            - 1722.67431640625
         -
            - 1662.4434814453125
            - 1747.4588623046875
         -
            - 1676.0728759765625
            - 1281.1781005859375
         -
            - 1223.1517333984375
            - 1274.0677490234375
      coarse_corners_original_image:
         -
            - 1804.05078125
            - 2584.011474609375
         -
            - 2493.665283203125
            - 2621.188232421875
         -
            - 2514.109375
            - 1921.7672119140625
         -
            - 1834.7275390625
            - 1911.1015625
      refined_corners_original_image:
         -
            - 1809.8536376953125
            - 2582.080322265625
         -
            - 2490.307861328125
            - 2618.550048828125
         -
            - 2510.707763671875
            - 1927.9898681640625
         -
            - 1841.067626953125
            - 1918.460693359375
      refined_valid:
         - 1
         - 1
         - 1
         - 1
      successful_scale_longest_sides:
         - 3008
         - 2256
         - 1805
         - 1289
         - 1003
         - 752
         - 564
         - 376
      corner_verification_debug:
         -
            corner_index: 0
            coarse_corner:
               - 1804.05078125
               - 2584.011474609375
            verified_corner:
               - 1804.05078125
               - 2584.011474609375
            subpix_corner:
               - 1809.8536376953125
               - 2582.080322265625
            verification_roi:
               - 1770
               - 2550
               - 70
               - 70
            prev_edge_direction:
               - 0.045540910214185715
               - -0.99896246194839478
            next_edge_direction:
               - 0.99855005741119385
               - 0.0538313128054142
            prev_marker_support_points:
               -
                  - 1807.2293701171875
                  - 2553.8125
               -
                  - 1807.802001953125
                  - 2541.25146484375
               -
                  - 1807.375732421875
                  - 2528.64501953125
               -
                  - 1807.9483642578125
                  - 2516.083984375
               -
                  - 1807.52197265625
                  - 2503.4775390625
               -
                  - 1809.0936279296875
                  - 2490.9619140625
               -
                  - 1809.666259765625
                  - 2478.40087890625
               -
                  - 1809.2398681640625
                  - 2465.794677734375
               -
                  - 1808.8135986328125
                  - 2453.18798828125
               -
                  - 1809.38623046875
                  - 2440.626953125
               -
                  - 1808.9598388671875
                  - 2428.0205078125
               -
                  - 1809.532470703125
                  - 2415.45947265625
               -
                  - 1809.106201171875
                  - 2402.85302734375
               -
                  - 1809.6788330078125
                  - 2390.2919921875
               -
                  - 1811.2503662109375
                  - 2377.776611328125
               -
                  - 1810.8240966796875
                  - 2365.169921875
            next_marker_support_points:
               -
                  - 1834.4161376953125
                  - 2583.845947265625
               -
                  - 1847.235107421875
                  - 2585.538330078125
               -
                  - 1860.10791015625
                  - 2586.232421875
               -
                  - 1872.9268798828125
                  - 2587.9248046875
               -
                  - 1885.7996826171875
                  - 2588.618896484375
               -
                  - 1898.6724853515625
                  - 2589.312744140625
               -
                  - 1911.491455078125
                  - 2591.00537109375
               -
                  - 1924.3642578125
                  - 2591.69921875
               -
                  - 1937.237060546875
                  - 2592.393310546875
               -
                  - 1950.0560302734375
                  - 2594.085693359375
               -
                  - 1962.9288330078125
                  - 2594.77978515625
               -
                  - 1975.8016357421875
                  - 2595.4736328125
               -
                  - 1988.6744384765625
                  - 2596.16748046875
               -
                  - 2001.493408203125
                  - 2597.860107421875
               -
                  - 2014.3662109375
                  - 2598.553955078125
               -
                  - 2027.239013671875
                  - 2599.248046875
            prev_branch_points:
               []
            next_branch_points:
               []
            local_scale: 673.60882568359375
            verification_roi_radius: 34
            candidate_radius: 0
            branch_search_radius: 0
            direction_consistency_score: 1.
            local_layout_score: 1.
            verification_quality: 1.
            coarse_to_verified_displacement: 0.
            coarse_to_subpix_displacement: 6.115757942199707
            coarse_to_refined_displacement: 6.115757942199707
            corner_marker_width: 168.40220642089844
            image_line_corner:
               - 0.
               - 0.
            prev_image_line_residual: 0.
            next_image_line_residual: 0.
            prev_image_line_support_count: 0
            next_image_line_support_count: 0
            image_line_valid: 0
            line_refinement_success: 1
            line_refinement_quality: 0.81204266076304066
            line_jump: 3.8061802387237549
            line_jump_limit: 0.
            line_inside: 1
            line_seed_gap: 3.8061802387237549
            line_seed_accepted: 1
            spherical_corner:
               - 1804.05078125
               - 2584.011474609375
            prev_spherical_curve_points:
               []
            next_spherical_curve_points:
               []
            prev_spherical_residual: 0.
            next_spherical_residual: 0.
            prev_spherical_support_count: 0
            next_spherical_support_count: 0
            spherical_refinement_valid: 0
            spherical_refinement_applied: 0
            spherical_failure_reason: ""
            subpix_window_radius: 25
            refine_displacement_limit: 0.
            refined_valid: 1
            verification_passed: 1
            subpix_applied: 1
            failure_reason: cs_only
         -
            corner_index: 1
            coarse_corner:
               - 2493.665283203125
               - 2621.188232421875
            verified_corner:
               - 2493.665283203125
               - 2621.188232421875
            subpix_corner:
