%YAML:1.0
---
format_version: outer_detection_cache_v2
absolute_image_path: "/Users/linzhaoxian/lzx-ws/project/calibr/tartancalib/image/dataset_4-22/right_record_20260421_140151/right_vimbax_camera_right_image_raw_000069_834690991000.png"
image_file_size: 6602739
image_mtime: 1776751347
detector_config_hash: a5f7c893e3a5f9e3
image_size:
   - 4512
   - 4512
requested_board_ids:
   - 1
   - 2
   - 3
   - 4
   - 5
detections:
   -
      success: 1
      board_id: 1
      detected_tag_id: 1
      original_longest_side: 4512
      chosen_scale_longest_side: 1805
      chosen_scale_factor: 0.40004432624113473
      scale_configuration_mode: fixed_schedule
      used_corner_fusion: 1
      hamming: 0
      good: 1
      attempted_local_patch_rescue: 0
      used_local_patch_rescue: 0
      local_patch_rescue_summary: ""
      quality: 0.94563253524008117
      failure_reason: 0
      failure_reason_text: None
      coarse_corners_scaled_image:
         -
            - 693.5513916015625
            - 1033.7484130859375
         -
            - 1036.9693603515625
            - 1054.8621826171875
         -
            - 1046.119873046875
            - 705.764892578125
         -
            - 712.48931884765625
            - 704.06072998046875
      coarse_corners_original_image:
         -
            - 1733.6864013671875
            - 2584.084716796875
         -
            - 2592.13623046875
            - 2636.86328125
         -
            - 2615.010009765625
            - 1764.216796875
         -
            - 1781.0260009765625
            - 1759.956787109375
      refined_corners_original_image:
         -
            - 1745.487060546875
            - 2579.626708984375
         -
            - 2586.46875
            - 2631.53955078125
         -
            - 2608.5751953125
            - 1775.56982421875
         -
            - 1791.640869140625
            - 1771.78173828125
      refined_valid:
         - 1
         - 1
         - 1
         - 1
      successful_scale_longest_sides:
         - 1805
         - 1289
         - 1003
         - 752
         - 564
         - 376
      corner_verification_debug:
         -
            corner_index: 0
            coarse_corner:
               - 1733.6864013671875
               - 2584.084716796875
            verified_corner:
               - 1733.6864013671875
               - 2584.084716796875
            subpix_corner:
               - 1745.487060546875
               - 2579.626708984375
            verification_roi:
               - 1692
               - 2543
               - 84
               - 84
            prev_edge_direction:
               - 0.057347517460584641
               - -0.99835425615310669
            next_edge_direction:
               - 0.99811536073684692
               - 0.061365377157926559
            prev_marker_support_points:
               -
                  - 1745.500732421875
                  - 2547.55517578125
               -
                  - 1745.385986328125
                  - 2532.1142578125
               -
                  - 1745.2713623046875
                  - 2516.673095703125
               -
                  - 1745.1566162109375
                  - 2501.232177734375
               -
                  - 1745.0419921875
                  - 2485.791015625
               -
                  - 1745.9256591796875
                  - 2470.4072265625
               -
                  - 1745.81103515625
                  - 2454.966064453125
               -
                  - 1745.6964111328125
                  - 2439.525146484375
               -
                  - 1745.5816650390625
                  - 2424.083984375
               -
                  - 1746.46533203125
                  - 2408.7001953125
               -
                  - 1746.3505859375
                  - 2393.259033203125
               -
                  - 1747.2342529296875
                  - 2377.87548828125
               -
                  - 1747.11962890625
                  - 2362.434326171875
               -
                  - 1748.0032958984375
                  - 2347.050537109375
               -
                  - 1747.8885498046875
                  - 2331.60986328125
               -
                  - 1748.772216796875
                  - 2316.22607421875
            next_marker_support_points:
               -
                  - 1770.9903564453125
                  - 2582.671142578125
               -
                  - 1786.953369140625
                  - 2584.654541015625
               -
                  - 1802.9776611328125
                  - 2585.639892578125
               -
                  - 1818.9407958984375
                  - 2587.623046875
               -
                  - 1834.90380859375
                  - 2589.606201171875
               -
                  - 1850.92822265625
                  - 2590.591552734375
               -
                  - 1866.8912353515625
                  - 2592.57470703125
               -
                  - 1882.9156494140625
                  - 2593.56005859375
               -
                  - 1898.878662109375
                  - 2595.54345703125
               -
                  - 1914.903076171875
                  - 2596.528564453125
               -
                  - 1930.8662109375
                  - 2598.511962890625
               -
                  - 1946.8905029296875
                  - 2599.4970703125
               -
                  - 1962.853515625
                  - 2601.48046875
               -
                  - 1978.8779296875
                  - 2602.465576171875
               -
                  - 1994.90234375
                  - 2603.45068359375
               -
                  - 2010.8653564453125
                  - 2605.434326171875
            prev_branch_points:
               []
            next_branch_points:
               []
            local_scale: 825.4864501953125
            verification_roi_radius: 41
            candidate_radius: 0
            branch_search_radius: 0
            direction_consistency_score: 1.
            local_layout_score: 1.
            verification_quality: 1.
            coarse_to_verified_displacement: 0.
            coarse_to_subpix_displacement: 12.614649772644043
            coarse_to_refined_displacement: 12.614649772644043
            corner_marker_width: 206.37161254882812
            image_line_corner:
               - 0.
               - 0.
            prev_image_line_residual: 0.
            next_image_line_residual: 0.
            prev_image_line_support_count: 0
            next_image_line_support_count: 0
            image_line_valid: 0
            line_refinement_success: 1
            line_refinement_quality: 0.86656062337196249
            line_jump: 11.843661308288574
            line_jump_limit: 0.
            line_inside: 1
            line_seed_gap: 11.843661308288574
            line_seed_accepted: 1
            spherical_corner:
               - 1733.6864013671875
               - 2584.084716796875
            prev_spherical_curve_points:
               []
            next_spherical_curve_points:
               []
            prev_spherical_residual: 0.
            next_spherical_residual: 0.
            prev_spherical_support_count: 0
            next_spherical_support_count: 0
            spherical_refinement_valid: 0
            spherical_refinement_applied: 0
            spherical_failure_reason: ""
            subpix_window_radius: 31
            refine_displacement_limit: 0.
            refined_valid: 1
            verification_passed: 1
            subpix_applied: 1
            failure_reason: cs_only
         -
            corner_index: 1
            coarse_corner:
               - 2592.13623046875
               - 2636.86328125
            verified_corner:
               - 2592.13623046875
               - 2636.86328125
            subpix_corner:
               - 2586.46875
