%YAML:1.0
---
format_version: outer_detection_cache_v2
absolute_image_path: "/Users/linzhaoxian/lzx-ws/project/calibr/tartancalib/image/dataset_4-22/right_record_20260421_140151/right_vimbax_camera_right_image_raw_000235_914527990100.png"
image_file_size: 6305293
image_mtime: 1776751429
detector_config_hash: a5f7c893e3a5f9e3
image_size:
   - 4512
   - 4512
requested_board_ids:
   - 1
   - 2
   - 3
   - 4
   - 5
detections:
   -
      success: 1
      board_id: 1
      detected_tag_id: 1
      original_longest_side: 4512
      chosen_scale_longest_side: 3008
      chosen_scale_factor: 0.66666666666666663
      scale_configuration_mode: fixed_schedule
      used_corner_fusion: 1
      hamming: 0
      good: 1
      attempted_local_patch_rescue: 0
      used_local_patch_rescue: 0
      local_patch_rescue_summary: ""
      quality: 0.96597342321289992
      failure_reason: 0
      failure_reason_text: None
      coarse_corners_scaled_image:
         -
            - 1687.0633544921875
            - 1729.9395751953125
         -
            - 2021.2620849609375
            - 1746.9237060546875
         -
            - 2032.7576904296875
            - 1403.8472900390625
         -
            - 1701.26025390625
            - 1396.06884765625
      coarse_corners_original_image:
         -
            - 2530.594970703125
            - 2594.909423828125
         -
            - 3031.89306640625
            - 2620.385498046875
         -
            - 3049.136474609375
            - 2105.77099609375
         -
            - 2551.890380859375
            - 2094.103271484375
      refined_corners_original_image:
         -
            - 2527.47705078125
            - 2603.781005859375
         -
            - 3022.47900390625
            - 2627.798828125
         -
            - 3044.236572265625
            - 2114.589111328125
         -
            - 2549.781005859375
            - 2101.83447265625
      refined_valid:
         - 1
         - 1
         - 1
         - 1
      successful_scale_longest_sides:
         - 3008
         - 2256
         - 1805
         - 1289
         - 752
         - 564
         - 376
      corner_verification_debug:
         -
            corner_index: 0
            coarse_corner:
               - 2530.594970703125
               - 2594.909423828125
            verified_corner:
               - 2530.594970703125
               - 2594.909423828125
            subpix_corner:
               - 2527.47705078125
               - 2603.781005859375
            verification_roi:
               - 2505
               - 2569
               - 52
               - 52
            prev_edge_direction:
               - 0.042483869940042496
               - -0.99909716844558716
            next_edge_direction:
               - 0.99871110916137695
               - 0.050754707306623459
            prev_marker_support_points:
               -
                  - 2528.056396484375
                  - 2572.224365234375
               -
                  - 2528.453857421875
                  - 2562.8759765625
               -
                  - 2529.8505859375
                  - 2553.570068359375
               -
                  - 2530.248046875
                  - 2544.221923828125
               -
                  - 2530.6455078125
                  - 2534.87353515625
               -
                  - 2531.04296875
                  - 2525.525146484375
               -
                  - 2532.439697265625
                  - 2516.21923828125
               -
                  - 2532.83740234375
                  - 2506.870849609375
               -
                  - 2533.23486328125
                  - 2497.5224609375
               -
                  - 2533.63232421875
                  - 2488.174072265625
               -
                  - 2534.02978515625
                  - 2478.82568359375
               -
                  - 2534.427490234375
                  - 2469.477294921875
               -
                  - 2534.824951171875
                  - 2460.12890625
               -
                  - 2535.222412109375
                  - 2450.780517578125
               -
                  - 2535.619873046875
                  - 2441.43212890625
               -
                  - 2536.017333984375
                  - 2432.083740234375
            next_marker_support_points:
               -
                  - 2552.741943359375
                  - 2603.54443359375
               -
                  - 2562.251708984375
                  - 2601.02392578125
               -
                  - 2571.913818359375
                  - 2595.50732421875
               -
                  - 2580.814697265625
                  - 2604.97119140625
               -
                  - 2590.375
                  - 2601.4521484375
               -
                  - 2599.935791015625
                  - 2597.932861328125
               -
                  - 2608.93798828125
                  - 2605.3994140625
               -
                  - 2618.60009765625
                  - 2599.88232421875
               -
                  - 2627.7041015625
                  - 2605.3515625
               -
                  - 2637.0615234375
                  - 2605.8271484375
               -
                  - 2646.4697265625
                  - 2605.303955078125
               -
                  - 2655.8271484375
                  - 2605.779541015625
               -
                  - 2665.13427734375
                  - 2607.25390625
               -
                  - 2674.69482421875
                  - 2603.734619140625
               -
                  - 2683.95068359375
                  - 2606.20751953125
               -
                  - 2693.15625
                  - 2609.67919921875
            prev_branch_points:
               []
            next_branch_points:
               []
            local_scale: 501.25869750976562
            verification_roi_radius: 25
            candidate_radius: 0
            branch_search_radius: 0
            direction_consistency_score: 1.
            local_layout_score: 1.
            verification_quality: 1.
            coarse_to_verified_displacement: 0.
            coarse_to_subpix_displacement: 9.4035310745239258
            coarse_to_refined_displacement: 9.4035310745239258
            corner_marker_width: 125.31467437744141
            image_line_corner:
               - 0.
               - 0.
            prev_image_line_residual: 0.
            next_image_line_residual: 0.
            prev_image_line_support_count: 0
            next_image_line_support_count: 0
            image_line_valid: 0
            line_refinement_success: 1
            line_refinement_quality: 0.78475643837111397
            line_jump: 10.813665390014648
            line_jump_limit: 0.
            line_inside: 1
            line_seed_gap: 10.813665390014648
            line_seed_accepted: 1
            spherical_corner:
               - 2530.594970703125
               - 2594.909423828125
            prev_spherical_curve_points:
               []
            next_spherical_curve_points:
               []
            prev_spherical_residual: 0.
            next_spherical_residual: 0.
            prev_spherical_support_count: 0
            next_spherical_support_count: 0
            spherical_refinement_valid: 0
            spherical_refinement_applied: 0
            spherical_failure_reason: ""
            subpix_window_radius: 19
            refine_displacement_limit: 0.
            refined_valid: 1
            verification_passed: 1
            subpix_applied: 1
            failure_reason: cs_only
         -
            corner_index: 1
            coarse_corner:
               - 3031.89306640625
               - 2620.385498046875
            verified_corner:
               - 3031.89306640625
               - 2620.385498046875
            subpix_corner:
               - 3022.47900390625
