%YAML:1.0
---
format_version: outer_detection_cache_v2
absolute_image_path: "/Users/linzhaoxian/lzx-ws/project/calibr/tartancalib/image/dataset_4-22/right_record_20260421_140151/right_vimbax_camera_right_image_raw_000245_919337447900.png"
image_file_size: 6255423
image_mtime: 1776751434
detector_config_hash: a5f7c893e3a5f9e3
image_size:
   - 4512
   - 4512
requested_board_ids:
   - 1
   - 2
   - 3
   - 4
   - 5
detections:
   -
      success: 1
      board_id: 1
      detected_tag_id: 1
      original_longest_side: 4512
      chosen_scale_longest_side: 752
      chosen_scale_factor: 0.16666666666666666
      scale_configuration_mode: fixed_schedule
      used_corner_fusion: 1
      hamming: 0
      good: 1
      attempted_local_patch_rescue: 0
      used_local_patch_rescue: 0
      local_patch_rescue_summary: ""
      quality: 0.99262829375200756
      failure_reason: 0
      failure_reason_text: None
      coarse_corners_scaled_image:
         -
            - 332.36538696289062
            - 425.49746704101562
         -
            - 415.5831298828125
            - 428.5013427734375
         -
            - 418.26095581054688
            - 344.91250610351562
         -
            - 335.18133544921875
            - 342.530029296875
      coarse_corners_original_image:
         -
            - 1994.1922607421875
            - 2552.98486328125
         -
            - 2493.498779296875
            - 2571.008056640625
         -
            - 2509.565673828125
            - 2069.47509765625
         -
            - 2011.0880126953125
            - 2055.18017578125
      refined_corners_original_image:
         -
            - 1988.269775390625
            - 2552.36328125
         -
            - 2483.4951171875
            - 2572.531005859375
         -
            - 2500.648193359375
            - 2073.45361328125
         -
            - 2003.477783203125
            - 2061.2666015625
      refined_valid:
         - 1
         - 1
         - 1
         - 1
      successful_scale_longest_sides:
         - 752
         - 564
         - 376
      corner_verification_debug:
         -
            corner_index: 0
            coarse_corner:
               - 1994.1922607421875
               - 2552.98486328125
            verified_corner:
               - 1994.1922607421875
               - 2552.98486328125
            subpix_corner:
               - 1988.269775390625
               - 2552.36328125
            verification_roi:
               - 1969
               - 2527
               - 52
               - 52
            prev_edge_direction:
               - 0.033920992165803909
               - -0.9994245171546936
            next_edge_direction:
               - 0.99934911727905273
               - 0.036072958260774612
            prev_marker_support_points:
               -
                  - 1991.45458984375
                  - 2530.465087890625
               -
                  - 1993.768798828125
                  - 2521.240478515625
               -
                  - 1993.0848388671875
                  - 2511.914306640625
               -
                  - 1993.400146484375
                  - 2502.621826171875
               -
                  - 1993.715576171875
                  - 2493.32958984375
               -
                  - 1993.031494140625
                  - 2484.003173828125
               -
                  - 1993.346923828125
                  - 2474.7109375
               -
                  - 1993.662353515625
                  - 2465.41845703125
               -
                  - 1992.978271484375
                  - 2456.09228515625
               -
                  - 1995.29248046875
                  - 2446.86767578125
               -
                  - 1994.6083984375
                  - 2437.54150390625
               -
                  - 1993.9244384765625
                  - 2428.215087890625
               -
                  - 1995.2392578125
                  - 2418.956787109375
               -
                  - 1993.5557861328125
                  - 2409.596435546875
               -
                  - 1994.87060546875
                  - 2400.338134765625
               -
                  - 1995.1859130859375
                  - 2391.045654296875
            next_marker_support_points:
               -
                  - 2016.6820068359375
                  - 2551.295166015625
               -
                  - 2026.0023193359375
                  - 2551.631591796875
               -
                  - 2035.32275390625
                  - 2551.968017578125
               -
                  - 2044.6070556640625
                  - 2553.3037109375
               -
                  - 2053.6748046875
                  - 2560.635498046875
               -
                  - 2062.9951171875
                  - 2560.971923828125
               -
                  - 2072.315673828125
                  - 2561.308349609375
               -
                  - 2081.635986328125
                  - 2561.644775390625
               -
                  - 2090.92041015625
                  - 2562.980712890625
               -
                  - 2100.240966796875
                  - 2563.317138671875
               -
                  - 2109.561279296875
                  - 2563.653564453125
               -
                  - 2118.881591796875
                  - 2563.989990234375
               -
                  - 2128.2021484375
                  - 2564.326416015625
               -
                  - 2137.486328125
                  - 2565.662109375
               -
                  - 2146.806640625
                  - 2565.99853515625
               -
                  - 2156.127197265625
                  - 2566.3349609375
            prev_branch_points:
               []
            next_branch_points:
               []
            local_scale: 498.09133911132812
            verification_roi_radius: 25
            candidate_radius: 0
            branch_search_radius: 0
            direction_consistency_score: 1.
            local_layout_score: 1.
            verification_quality: 1.
            coarse_to_verified_displacement: 0.
            coarse_to_subpix_displacement: 5.9550142288208008
            coarse_to_refined_displacement: 5.9550142288208008
            corner_marker_width: 124.52283477783203
            image_line_corner:
               - 0.
               - 0.
            prev_image_line_residual: 0.
            next_image_line_residual: 0.
            prev_image_line_support_count: 0
            next_image_line_support_count: 0
            image_line_valid: 0
            line_refinement_success: 1
            line_refinement_quality: 0.24486726659335489
            line_jump: 4.1419882774353027
            line_jump_limit: 0.
            line_inside: 1
            line_seed_gap: 4.1419882774353027
            line_seed_accepted: 0
            spherical_corner:
               - 1994.1922607421875
               - 2552.98486328125
            prev_spherical_curve_points:
               []
            next_spherical_curve_points:
               []
            prev_spherical_residual: 0.
            next_spherical_residual: 0.
            prev_spherical_support_count: 0
            next_spherical_support_count: 0
            spherical_refinement_valid: 0
            spherical_refinement_applied: 0
            spherical_failure_reason: ""
            subpix_window_radius: 19
            refine_displacement_limit: 0.
            refined_valid: 1
            verification_passed: 1
            subpix_applied: 1
            failure_reason: cs_only
         -
            corner_index: 1
            coarse_corner:
               - 2493.498779296875
               - 2571.008056640625
            verified_corner:
               - 2493.498779296875
               - 2571.008056640625
            subpix_corner:
               - 2483.4951171875
               - 2572.531005859375
