%YAML:1.0
---
format_version: outer_detection_cache_v2
absolute_image_path: "/Users/linzhaoxian/lzx-ws/project/calibr/tartancalib/image/dataset_4-22/right_record_20260421_140151/right_vimbax_camera_right_image_raw_000209_902023399900.png"
image_file_size: 6192564
image_mtime: 1776751416
detector_config_hash: a5f7c893e3a5f9e3
image_size:
   - 4512
   - 4512
requested_board_ids:
   - 1
   - 2
   - 3
   - 4
   - 5
detections:
   -
      success: 1
      board_id: 1
      detected_tag_id: 1
      original_longest_side: 4512
      chosen_scale_longest_side: 1805
      chosen_scale_factor: 0.40004432624113473
      scale_configuration_mode: fixed_schedule
      used_corner_fusion: 1
      hamming: 0
      good: 1
      attempted_local_patch_rescue: 0
      used_local_patch_rescue: 0
      local_patch_rescue_summary: ""
      quality: 0.9727199028903768
      failure_reason: 0
      failure_reason_text: None
      coarse_corners_scaled_image:
         -
            - 958.06036376953125
            - 1012.1109008789062
         -
            - 1152.077392578125
            - 1016.8247680664062
         -
            - 1155.433837890625
            - 818.39227294921875
         -
            - 962.39471435546875
            - 816.6654052734375
      coarse_corners_original_image:
         -
            - 2394.885498046875
            - 2529.996826171875
         -
            - 2879.874267578125
            - 2541.7802734375
         -
            - 2888.2646484375
            - 2045.7540283203125
         -
            - 2405.72021484375
            - 2041.437255859375
      refined_corners_original_image:
         -
            - 2380.507080078125
            - 2529.67041015625
         -
            - 2879.874267578125
            - 2541.7802734375
         -
            - 2888.2646484375
            - 2045.7540283203125
         -
            - 2389.7607421875
            - 2046.0726318359375
      refined_valid:
         - 1
         - 1
         - 1
         - 1
      successful_scale_longest_sides:
         - 1805
         - 1289
         - 1003
         - 752
         - 564
         - 376
      corner_verification_debug:
         -
            corner_index: 0
            coarse_corner:
               - 2394.885498046875
               - 2529.996826171875
            verified_corner:
               - 2394.885498046875
               - 2529.996826171875
            subpix_corner:
               - 2380.507080078125
               - 2529.67041015625
            verification_roi:
               - 2370
               - 2505
               - 50
               - 50
            prev_edge_direction:
               - 0.02217140793800354
               - -0.99975419044494629
            next_edge_direction:
               - 0.99970495700836182
               - 0.024289162829518318
            prev_marker_support_points:
               -
                  - 2391.170654296875
                  - 2508.078125
               -
                  - 2400.37060546875
                  - 2499.157958984375
               -
                  - 2395.573974609375
                  - 2489.92724609375
               -
                  - 2399.775390625
                  - 2480.896240234375
               -
                  - 2389.97998046875
                  - 2471.5546875
               -
                  - 2393.181640625
                  - 2462.501220703125
               -
                  - 2403.38134765625
                  - 2453.603515625
               -
                  - 2397.5849609375
                  - 2444.3505859375
               -
                  - 2393.788330078125
                  - 2435.14208984375
               -
                  - 2393.990478515625
                  - 2426.022216796875
               -
                  - 2404.1904296875
                  - 2417.124267578125
               -
                  - 2403.392822265625
                  - 2407.982421875
               -
                  - 2397.596435546875
                  - 2398.7294921875
               -
                  - 2391.80029296875
                  - 2389.476806640625
               -
                  - 2402.999755859375
                  - 2380.600830078125
               -
                  - 2400.202880859375
                  - 2371.414306640625
            next_marker_support_points:
               -
                  - 2416.680908203125
                  - 2531.726806640625
               -
                  - 2425.709716796875
                  - 2532.946533203125
               -
                  - 2434.7626953125
                  - 2533.16650390625
               -
                  - 2443.81591796875
                  - 2533.386474609375
               -
                  - 2452.8447265625
                  - 2534.60595703125
               -
                  - 2461.89794921875
                  - 2534.825927734375
               -
                  - 2470.951171875
                  - 2535.0458984375
               -
                  - 2480.004150390625
                  - 2535.265869140625
               -
                  - 2489.057373046875
                  - 2535.485595703125
               -
                  - 2498.0859375
                  - 2536.705322265625
               -
                  - 2507.13916015625
                  - 2536.92529296875
               -
                  - 2516.1923828125
                  - 2537.145263671875
               -
                  - 2525.245361328125
                  - 2537.365234375
               -
                  - 2534.322998046875
                  - 2536.58544921875
               -
                  - 2543.3515625
                  - 2537.80517578125
               -
                  - 2552.42919921875
                  - 2537.025390625
            prev_branch_points:
               []
            next_branch_points:
               []
            local_scale: 485.13189697265625
            verification_roi_radius: 24
            candidate_radius: 0
            branch_search_radius: 0
            direction_consistency_score: 1.
            local_layout_score: 1.
            verification_quality: 1.
            coarse_to_verified_displacement: 0.
            coarse_to_subpix_displacement: 14.382122993469238
            coarse_to_refined_displacement: 14.382122993469238
            corner_marker_width: 121.28297424316406
            image_line_corner:
               - 0.
               - 0.
            prev_image_line_residual: 0.
            next_image_line_residual: 0.
            prev_image_line_support_count: 0
            next_image_line_support_count: 0
            image_line_valid: 0
            line_refinement_success: 1
            line_refinement_quality: 0.52188499413499789
            line_jump: 12.381604194641113
            line_jump_limit: 0.
            line_inside: 1
            line_seed_gap: 12.381604194641113
            line_seed_accepted: 1
            spherical_corner:
               - 2394.885498046875
               - 2529.996826171875
            prev_spherical_curve_points:
               []
            next_spherical_curve_points:
               []
            prev_spherical_residual: 0.
            next_spherical_residual: 0.
            prev_spherical_support_count: 0
            next_spherical_support_count: 0
            spherical_refinement_valid: 0
            spherical_refinement_applied: 0
            spherical_failure_reason: ""
            subpix_window_radius: 18
            refine_displacement_limit: 0.
            refined_valid: 1
            verification_passed: 1
            subpix_applied: 1
            failure_reason: cs_only
         -
            corner_index: 1
            coarse_corner:
               - 2879.874267578125
               - 2541.7802734375
            verified_corner:
               - 2879.874267578125
               - 2541.7802734375
            subpix_corner:
               - 2879.874267578125
               - 2541.7802734375
