%YAML:1.0
---
format_version: outer_detection_cache_v2
absolute_image_path: "/Users/linzhaoxian/lzx-ws/project/calibr/tartancalib/image/dataset_4-22/right_record_20260421_140151/right_vimbax_camera_right_image_raw_000171_883747460300.png"
image_file_size: 6338221
image_mtime: 1776751397
detector_config_hash: a5f7c893e3a5f9e3
image_size:
   - 4512
   - 4512
requested_board_ids:
   - 1
   - 2
   - 3
   - 4
   - 5
detections:
   -
      success: 1
      board_id: 1
      detected_tag_id: 1
      original_longest_side: 4512
      chosen_scale_longest_side: 1805
      chosen_scale_factor: 0.40004432624113473
      scale_configuration_mode: fixed_schedule
      used_corner_fusion: 1
      hamming: 0
      good: 1
      attempted_local_patch_rescue: 0
      used_local_patch_rescue: 0
      local_patch_rescue_summary: ""
      quality: 0.97988052842744722
      failure_reason: 0
      failure_reason_text: None
      coarse_corners_scaled_image:
         -
            - 714.09539794921875
            - 1004.3568725585938
         -
            - 976.8800048828125
            - 1018.5131225585938
         -
            - 988.8802490234375
            - 753.2259521484375
         -
            - 728.82379150390625
            - 744.128173828125
      coarse_corners_original_image:
         -
            - 1785.0406494140625
            - 2510.614013671875
         -
            - 2441.929443359375
            - 2546.000732421875
         -
            - 2471.9267578125
            - 1882.856201171875
         -
            - 1821.8575439453125
            - 1860.1143798828125
      refined_corners_original_image:
         -
            - 1784.426025390625
            - 2509.918701171875
         -
            - 2433.163330078125
            - 2545.736328125
         -
            - 2462.150634765625
            - 1891.6756591796875
         -
            - 1819.5709228515625
            - 1870.57421875
      refined_valid:
         - 1
         - 1
         - 1
         - 1
      successful_scale_longest_sides:
         - 1805
         - 1289
         - 1003
         - 752
         - 564
         - 376
      corner_verification_debug:
         -
            corner_index: 0
            coarse_corner:
               - 1785.0406494140625
               - 2510.614013671875
            verified_corner:
               - 1785.0406494140625
               - 2510.614013671875
            subpix_corner:
               - 1784.426025390625
               - 2509.918701171875
            verification_roi:
               - 1752
               - 2477
               - 68
               - 68
            prev_edge_direction:
               - 0.056507442146539688
               - -0.99840223789215088
            next_edge_direction:
               - 0.99855214357376099
               - 0.053792186081409454
            prev_marker_support_points:
               -
                  - 1785.798828125
                  - 2481.290771484375
               -
                  - 1785.4876708984375
                  - 2469.091552734375
               -
                  - 1787.17333984375
                  - 2457.00537109375
               -
                  - 1785.86376953125
                  - 2444.749755859375
               -
                  - 1786.551025390625
                  - 2432.607177734375
               -
                  - 1787.23828125
                  - 2420.46435546875
               -
                  - 1787.925537109375
                  - 2408.32177734375
               -
                  - 1786.615966796875
                  - 2396.066162109375
               -
                  - 1787.30322265625
                  - 2383.92333984375
               -
                  - 1787.990478515625
                  - 2371.78076171875
               -
                  - 1787.6793212890625
                  - 2359.58154296875
               -
                  - 1788.3665771484375
                  - 2347.438720703125
               -
                  - 1789.0537109375
                  - 2335.296142578125
               -
                  - 1789.740966796875
                  - 2323.153564453125
               -
                  - 1789.429931640625
                  - 2310.954345703125
               -
                  - 1789.1187744140625
                  - 2298.75537109375
            next_marker_support_points:
               -
                  - 1814.4842529296875
                  - 2509.095703125
               -
                  - 1826.638671875
                  - 2511.75341796875
               -
                  - 1838.7392578125
                  - 2515.409423828125
               -
                  - 1851.0010986328125
                  - 2516.070068359375
               -
                  - 1863.2630615234375
                  - 2516.73046875
               -
                  - 1875.47119140625
                  - 2518.3896484375
               -
                  - 1887.7330322265625
                  - 2519.05029296875
               -
                  - 1899.9949951171875
                  - 2519.710693359375
               -
                  - 1912.203125
                  - 2521.369873046875
               -
                  - 1924.518798828125
                  - 2521.031982421875
               -
                  - 1936.7269287109375
                  - 2522.69091796875
               -
                  - 1948.9888916015625
                  - 2523.3515625
               -
                  - 1961.197021484375
                  - 2525.010498046875
               -
                  - 1973.458984375
                  - 2525.671142578125
               -
                  - 1985.720947265625
                  - 2526.331787109375
               -
                  - 1997.9827880859375
                  - 2526.9921875
            prev_branch_points:
               []
            next_branch_points:
               []
            local_scale: 651.5406494140625
            verification_roi_radius: 33
            candidate_radius: 0
            branch_search_radius: 0
            direction_consistency_score: 1.
            local_layout_score: 1.
            verification_quality: 1.
            coarse_to_verified_displacement: 0.
            coarse_to_subpix_displacement: 0.92802053689956665
            coarse_to_refined_displacement: 0.92802053689956665
            corner_marker_width: 162.88516235351562
            image_line_corner:
               - 0.
               - 0.
            prev_image_line_residual: 0.
            next_image_line_residual: 0.
            prev_image_line_support_count: 0
            next_image_line_support_count: 0
            image_line_valid: 0
            line_refinement_success: 0
            line_refinement_quality: 0.
            line_jump: 3080.51171875
            line_jump_limit: 0.
            line_inside: 0
            line_seed_gap: 3080.51171875
            line_seed_accepted: 0
            spherical_corner:
               - 1785.0406494140625
               - 2510.614013671875
            prev_spherical_curve_points:
               []
            next_spherical_curve_points:
               []
            prev_spherical_residual: 0.
            next_spherical_residual: 0.
            prev_spherical_support_count: 0
            next_spherical_support_count: 0
            spherical_refinement_valid: 0
            spherical_refinement_applied: 0
            spherical_failure_reason: ""
            subpix_window_radius: 24
            refine_displacement_limit: 0.
            refined_valid: 1
            verification_passed: 1
            subpix_applied: 1
            failure_reason: cs_only
         -
            corner_index: 1
            coarse_corner:
               - 2441.929443359375
               - 2546.000732421875
            verified_corner:
               - 2441.929443359375
               - 2546.000732421875
            subpix_corner:
               - 2433.163330078125
