%YAML:1.0
---
format_version: outer_detection_cache_v2
absolute_image_path: "/Users/linzhaoxian/lzx-ws/project/calibr/tartancalib/image/dataset_4-22/right_record_20260421_140151/right_vimbax_camera_right_image_raw_000082_840943286100.png"
image_file_size: 6528263
image_mtime: 1776751353
detector_config_hash: a5f7c893e3a5f9e3
image_size:
   - 4512
   - 4512
requested_board_ids:
   - 1
   - 2
   - 3
   - 4
   - 5
detections:
   -
      success: 1
      board_id: 1
      detected_tag_id: 1
      original_longest_side: 4512
      chosen_scale_longest_side: 2256
      chosen_scale_factor: 0.5
      scale_configuration_mode: fixed_schedule
      used_corner_fusion: 1
      hamming: 0
      good: 1
      attempted_local_patch_rescue: 0
      used_local_patch_rescue: 0
      local_patch_rescue_summary: ""
      quality: 0.95349521709446583
      failure_reason: 0
      failure_reason_text: None
      coarse_corners_scaled_image:
         -
            - 880.2686767578125
            - 1288.9468994140625
         -
            - 1261.2896728515625
            - 1312.1173095703125
         -
            - 1274.0625
            - 923.3079833984375
         -
            - 899.74169921875
            - 918.53057861328125
      coarse_corners_original_image:
         -
            - 1760.537353515625
            - 2577.893798828125
         -
            - 2522.579345703125
            - 2624.234619140625
         -
            - 2548.125
            - 1846.615966796875
         -
            - 1799.4833984375
            - 1837.0611572265625
      refined_corners_original_image:
         -
            - 1769.999755859375
            - 2574.555419921875
         -
            - 2519.302978515625
            - 2620.41455078125
         -
            - 2544.424072265625
            - 1854.4049072265625
         -
            - 1808.3458251953125
            - 1845.8253173828125
      refined_valid:
         - 1
         - 1
         - 1
         - 1
      successful_scale_longest_sides:
         - 2256
         - 1805
         - 1289
         - 1003
         - 752
         - 564
         - 376
      corner_verification_debug:
         -
            corner_index: 0
            coarse_corner:
               - 1760.537353515625
               - 2577.893798828125
            verified_corner:
               - 1760.537353515625
               - 2577.893798828125
            subpix_corner:
               - 1769.999755859375
               - 2574.555419921875
            verification_roi:
               - 1723
               - 2540
               - 76
               - 76
            prev_edge_direction:
               - 0.052498143166303635
               - -0.99862098693847656
            next_edge_direction:
               - 0.99815613031387329
               - 0.060699243098497391
            prev_marker_support_points:
               -
                  - 1770.1790771484375
                  - 2544.97119140625
               -
                  - 1769.907470703125
                  - 2531.08984375
               -
                  - 1770.6343994140625
                  - 2517.260986328125
               -
                  - 1770.36279296875
                  - 2503.379638671875
               -
                  - 1770.091064453125
                  - 2489.498046875
               -
                  - 1770.818115234375
                  - 2475.669189453125
               -
                  - 1770.5465087890625
                  - 2461.787841796875
               -
                  - 1771.2735595703125
                  - 2447.958984375
               -
                  - 1771.0018310546875
                  - 2434.07763671875
               -
                  - 1771.7288818359375
                  - 2420.248779296875
               -
                  - 1771.4571533203125
                  - 2406.367431640625
               -
                  - 1772.1842041015625
                  - 2392.53857421875
               -
                  - 1772.9111328125
                  - 2378.709716796875
               -
                  - 1772.6396484375
                  - 2364.828369140625
               -
                  - 1773.3665771484375
                  - 2350.99951171875
               -
                  - 1774.0936279296875
                  - 2337.170654296875
            next_marker_support_points:
               -
                  - 1794.0352783203125
                  - 2577.025634765625
               -
                  - 1808.199462890625
                  - 2578.888671875
               -
                  - 1822.4241943359375
                  - 2579.753662109375
               -
                  - 1836.58837890625
                  - 2581.61669921875
               -
                  - 1850.8131103515625
                  - 2582.48193359375
               -
                  - 1864.9771728515625
                  - 2584.34521484375
               -
                  - 1879.201904296875
                  - 2585.210205078125
               -
                  - 1893.365966796875
                  - 2587.0732421875
               -
                  - 1907.5908203125
                  - 2587.938232421875
               -
                  - 1921.8155517578125
                  - 2588.80322265625
               -
                  - 1935.979736328125
                  - 2590.666748046875
               -
                  - 1950.2044677734375
                  - 2591.53173828125
               -
                  - 1964.4293212890625
                  - 2592.396728515625
               -
                  - 1978.5933837890625
                  - 2594.259765625
               -
                  - 1992.8182373046875
                  - 2595.124755859375
               -
                  - 2007.04296875
                  - 2595.98974609375
            prev_branch_points:
               []
            next_branch_points:
               []
            local_scale: 741.85565185546875
            verification_roi_radius: 37
            candidate_radius: 0
            branch_search_radius: 0
            direction_consistency_score: 1.
            local_layout_score: 1.
            verification_quality: 1.
            coarse_to_verified_displacement: 0.
            coarse_to_subpix_displacement: 10.03403377532959
            coarse_to_refined_displacement: 10.03403377532959
            corner_marker_width: 185.46391296386719
            image_line_corner:
               - 0.
               - 0.
            prev_image_line_residual: 0.
            next_image_line_residual: 0.
            prev_image_line_support_count: 0
            next_image_line_support_count: 0
            image_line_valid: 0
            line_refinement_success: 1
            line_refinement_quality: 0.85302165428985988
            line_jump: 9.7109231948852539
            line_jump_limit: 0.
            line_inside: 1
            line_seed_gap: 9.7109231948852539
            line_seed_accepted: 1
            spherical_corner:
               - 1760.537353515625
               - 2577.893798828125
            prev_spherical_curve_points:
               []
            next_spherical_curve_points:
               []
            prev_spherical_residual: 0.
            next_spherical_residual: 0.
            prev_spherical_support_count: 0
            next_spherical_support_count: 0
            spherical_refinement_valid: 0
            spherical_refinement_applied: 0
            spherical_failure_reason: ""
            subpix_window_radius: 28
            refine_displacement_limit: 0.
            refined_valid: 1
            verification_passed: 1
            subpix_applied: 1
            failure_reason: cs_only
         -
            corner_index: 1
            coarse_corner:
               - 2522.579345703125
               - 2624.234619140625
            verified_corner:
               - 2522.579345703125
               - 2624.234619140625
            subpix_corner:
