%YAML:1.0
---
format_version: outer_detection_cache_v2
absolute_image_path: "/Users/linzhaoxian/lzx-ws/project/calibr/tartancalib/image/dataset_4-22/right_record_20260421_140151/right_vimbax_camera_right_image_raw_000111_854890713700.png"
image_file_size: 6579101
image_mtime: 1776751368
detector_config_hash: a5f7c893e3a5f9e3
image_size:
   - 4512
   - 4512
requested_board_ids:
   - 1
   - 2
   - 3
   - 4
   - 5
detections:
   -
      success: 1
      board_id: 1
      detected_tag_id: 1
      original_longest_side: 4512
      chosen_scale_longest_side: 2256
      chosen_scale_factor: 0.5
      scale_configuration_mode: fixed_schedule
      used_corner_fusion: 1
      hamming: 0
      good: 1
      attempted_local_patch_rescue: 0
      used_local_patch_rescue: 0
      local_patch_rescue_summary: ""
      quality: 0.95684587069546478
      failure_reason: 0
      failure_reason_text: None
      coarse_corners_scaled_image:
         -
            - 1152.1868896484375
            - 1261.9527587890625
         -
            - 1495.6363525390625
            - 1277.852294921875
         -
            - 1499.9202880859375
            - 923.89190673828125
         -
            - 1161.2137451171875
            - 922.29071044921875
      coarse_corners_original_image:
         -
            - 2304.373779296875
            - 2523.905517578125
         -
            - 2991.272705078125
            - 2555.70458984375
         -
            - 2999.840576171875
            - 1847.7838134765625
         -
            - 2322.427490234375
            - 1844.5814208984375
      refined_corners_original_image:
         -
            - 2305.23046875
            - 2522.091796875
         -
            - 2984.1357421875
            - 2554.335205078125
         -
            - 2993.896484375
            - 1855.4263916015625
         -
            - 2323.14404296875
            - 1851.0272216796875
      refined_valid:
         - 1
         - 1
         - 1
         - 1
      successful_scale_longest_sides:
         - 2256
         - 1805
         - 1289
         - 1003
         - 752
         - 564
         - 376
      corner_verification_debug:
         -
            corner_index: 0
            coarse_corner:
               - 2304.373779296875
               - 2523.905517578125
            verified_corner:
               - 2304.373779296875
               - 2523.905517578125
            subpix_corner:
               - 2305.23046875
               - 2522.091796875
            verification_roi:
               - 2270
               - 2489
               - 70
               - 70
            prev_edge_direction:
               - 0.026566609740257263
               - -0.99964702129364014
            next_edge_direction:
               - 0.99893015623092651
               - 0.046244144439697266
            prev_marker_support_points:
               -
                  - 2305.986083984375
                  - 2493.357177734375
               -
                  - 2306.322998046875
                  - 2480.676513671875
               -
                  - 2306.659912109375
                  - 2467.995849609375
               -
                  - 2306.9970703125
                  - 2455.31494140625
               -
                  - 2307.333984375
                  - 2442.63427734375
               -
                  - 2307.6708984375
                  - 2429.95361328125
               -
                  - 2308.008056640625
                  - 2417.27294921875
               -
                  - 2309.344482421875
                  - 2404.61865234375
               -
                  - 2309.681640625
                  - 2391.93798828125
               -
                  - 2310.0185546875
                  - 2379.25732421875
               -
                  - 2310.35546875
                  - 2366.57666015625
               -
                  - 2310.692626953125
                  - 2353.89599609375
               -
                  - 2311.029541015625
                  - 2341.215087890625
               -
                  - 2311.366455078125
                  - 2328.534423828125
               -
                  - 2311.70361328125
                  - 2315.853759765625
               -
                  - 2312.04052734375
                  - 2303.173095703125
            next_marker_support_points:
               -
                  - 2334.95849609375
                  - 2524.5205078125
               -
                  - 2347.78076171875
                  - 2525.1142578125
               -
                  - 2360.602783203125
                  - 2525.707763671875
               -
                  - 2373.37841796875
                  - 2527.300048828125
               -
                  - 2386.20068359375
                  - 2527.893798828125
               -
                  - 2398.9765625
                  - 2529.486328125
               -
                  - 2411.8447265625
                  - 2529.080810546875
               -
                  - 2424.620849609375
                  - 2530.673583984375
               -
                  - 2437.44287109375
                  - 2531.26708984375
               -
                  - 2450.26513671875
                  - 2531.860595703125
               -
                  - 2463.040771484375
                  - 2533.453369140625
               -
                  - 2475.86279296875
                  - 2534.046875
               -
                  - 2488.68505859375
                  - 2534.640380859375
               -
                  - 2501.507080078125
                  - 2535.234130859375
               -
                  - 2514.3291015625
                  - 2535.82763671875
               -
                  - 2527.105224609375
                  - 2537.419921875
            prev_branch_points:
               []
            next_branch_points:
               []
            local_scale: 679.56396484375
            verification_roi_radius: 34
            candidate_radius: 0
            branch_search_radius: 0
            direction_consistency_score: 1.
            local_layout_score: 1.
            verification_quality: 1.
            coarse_to_verified_displacement: 0.
            coarse_to_subpix_displacement: 2.0058662891387939
            coarse_to_refined_displacement: 2.0058662891387939
            corner_marker_width: 169.8909912109375
            image_line_corner:
               - 0.
               - 0.
            prev_image_line_residual: 0.
            next_image_line_residual: 0.
            prev_image_line_support_count: 0
            next_image_line_support_count: 0
            image_line_valid: 0
            line_refinement_success: 1
            line_refinement_quality: 0.87048995800694118
            line_jump: 1.5859904289245605
            line_jump_limit: 0.
            line_inside: 1
            line_seed_gap: 1.5859904289245605
            line_seed_accepted: 1
            spherical_corner:
               - 2304.373779296875
               - 2523.905517578125
            prev_spherical_curve_points:
               []
            next_spherical_curve_points:
               []
            prev_spherical_residual: 0.
            next_spherical_residual: 0.
            prev_spherical_support_count: 0
            next_spherical_support_count: 0
            spherical_refinement_valid: 0
            spherical_refinement_applied: 0
            spherical_failure_reason: ""
            subpix_window_radius: 25
            refine_displacement_limit: 0.
            refined_valid: 1
            verification_passed: 1
            subpix_applied: 1
            failure_reason: cs_only
         -
            corner_index: 1
            coarse_corner:
               - 2991.272705078125
               - 2555.70458984375
            verified_corner:
               - 2991.272705078125
               - 2555.70458984375
            subpix_corner:
               - 2984.1357421875
