%YAML:1.0
---
format_version: outer_detection_cache_v2
absolute_image_path: "/Users/linzhaoxian/lzx-ws/project/calibr/tartancalib/image/dataset_4-22/right_record_20260421_140151/right_vimbax_camera_right_image_raw_000129_863547737700.png"
image_file_size: 6243093
image_mtime: 1776751376
detector_config_hash: a5f7c893e3a5f9e3
image_size:
   - 4512
   - 4512
requested_board_ids:
   - 1
   - 2
   - 3
   - 4
   - 5
detections:
   -
      success: 1
      board_id: 1
      detected_tag_id: 1
      original_longest_side: 4512
      chosen_scale_longest_side: 1003
      chosen_scale_factor: 0.22229609929078015
      scale_configuration_mode: fixed_schedule
      used_corner_fusion: 1
      hamming: 0
      good: 1
      attempted_local_patch_rescue: 0
      used_local_patch_rescue: 0
      local_patch_rescue_summary: ""
      quality: 0.94257020929368185
      failure_reason: 0
      failure_reason_text: None
      coarse_corners_scaled_image:
         -
            - 420.5972900390625
            - 585.6048583984375
         -
            - 562.40496826171875
            - 595.0574951171875
         -
            - 568.4832763671875
            - 447.67840576171875
         -
            - 429.54736328125
            - 442.47726440429688
      coarse_corners_original_image:
         -
            - 1892.058837890625
            - 2634.345947265625
         -
            - 2529.981201171875
            - 2676.868896484375
         -
            - 2557.324462890625
            - 2013.88330078125
         -
            - 1932.3206787109375
            - 1990.4859619140625
      refined_corners_original_image:
         -
            - 1892.058837890625
            - 2634.345947265625
         -
            - 2504.643310546875
            - 2676.51171875
         -
            - 2536.056396484375
            - 2021.2415771484375
         -
            - 1932.3206787109375
            - 1990.4859619140625
      refined_valid:
         - 1
         - 1
         - 1
         - 1
      successful_scale_longest_sides:
         - 1003
         - 752
         - 376
      corner_verification_debug:
         -
            corner_index: 0
            coarse_corner:
               - 1892.058837890625
               - 2634.345947265625
            verified_corner:
               - 1892.058837890625
               - 2634.345947265625
            subpix_corner:
               - 1892.058837890625
               - 2634.345947265625
            verification_roi:
               - 1860
               - 2602
               - 66
               - 66
            prev_edge_direction:
               - 0.062410082668066025
               - -0.99805063009262085
            next_edge_direction:
               - 0.99778568744659424
               - 0.066510900855064392
            prev_marker_support_points:
               -
                  - 1897.247802734375
                  - 2605.843994140625
               -
                  - 1890.014892578125
                  - 2593.325927734375
               -
                  - 1890.7664794921875
                  - 2581.307373046875
               -
                  - 1901.49853515625
                  - 2569.91259765625
               -
                  - 1888.27734375
                  - 2557.020263671875
               -
                  - 1895.0172119140625
                  - 2545.3759765625
               -
                  - 1893.772705078125
                  - 2533.232421875
               -
                  - 1893.526123046875
                  - 2521.151123046875
               -
                  - 1897.2718505859375
                  - 2509.31982421875
               -
                  - 1894.03125
                  - 2497.051513671875
               -
                  - 1897.77685546875
                  - 2485.219970703125
               -
                  - 1895.5343017578125
                  - 2473.013916015625
               -
                  - 1901.276123046875
                  - 2461.307373046875
               -
                  - 1906.0198974609375
                  - 2449.538330078125
               -
                  - 1902.7791748046875
                  - 2437.269775390625
               -
                  - 1897.54248046875
                  - 2424.876708984375
            next_marker_support_points:
               -
                  - 1920.45947265625
                  - 2640.849365234375
               -
                  - 1932.3673095703125
                  - 2641.64306640625
               -
                  - 1944.2086181640625
                  - 2643.4345703125
               -
                  - 1956.1165771484375
                  - 2644.228515625
               -
                  - 1968.0244140625
                  - 2645.022216796875
               -
                  - 1979.932373046875
                  - 2645.81591796875
               -
                  - 1991.773681640625
                  - 2647.607421875
               -
                  - 2003.6815185546875
                  - 2648.4013671875
               -
                  - 2015.5894775390625
                  - 2649.195068359375
               -
                  - 2027.4307861328125
                  - 2650.986572265625
               -
                  - 2039.3387451171875
                  - 2651.7802734375
               -
                  - 2051.24658203125
                  - 2652.57421875
               -
                  - 2063.154541015625
                  - 2653.367919921875
               -
                  - 2075.0625
                  - 2654.16162109375
               -
                  - 2086.90380859375
                  - 2655.953125
               -
                  - 2098.8115234375
                  - 2656.7470703125
            prev_branch_points:
               []
            next_branch_points:
               []
            local_scale: 639.33807373046875
            verification_roi_radius: 32
            candidate_radius: 0
            branch_search_radius: 0
            direction_consistency_score: 1.
            local_layout_score: 1.
            verification_quality: 1.
            coarse_to_verified_displacement: 0.
            coarse_to_subpix_displacement: 0.
            coarse_to_refined_displacement: 0.
            corner_marker_width: 159.83451843261719
            image_line_corner:
               - 0.
               - 0.
            prev_image_line_residual: 0.
            next_image_line_residual: 0.
            prev_image_line_support_count: 0
            next_image_line_support_count: 0
            image_line_valid: 0
            line_refinement_success: 0
            line_refinement_quality: 0.
            line_jump: 3243.4033203125
            line_jump_limit: 0.
            line_inside: 0
            line_seed_gap: 3243.4033203125
            line_seed_accepted: 0
            spherical_corner:
               - 1892.058837890625
               - 2634.345947265625
            prev_spherical_curve_points:
               []
            next_spherical_curve_points:
               []
            prev_spherical_residual: 0.
            next_spherical_residual: 0.
            prev_spherical_support_count: 0
            next_spherical_support_count: 0
            spherical_refinement_valid: 0
            spherical_refinement_applied: 0
            spherical_failure_reason: ""
            subpix_window_radius: 24
            refine_displacement_limit: 0.
            refined_valid: 1
            verification_passed: 1
            subpix_applied: 1
            failure_reason: cs_only
         -
            corner_index: 1
            coarse_corner:
               - 2529.981201171875
               - 2676.868896484375
            verified_corner:
               - 2529.981201171875
               - 2676.868896484375
            subpix_corner:
               - 2504.643310546875
               - 2676.51171875
            verification_roi:
               - 2497
               - 2644
