%YAML:1.0
---
format_version: outer_detection_cache_v2
absolute_image_path: "/Users/linzhaoxian/lzx-ws/project/calibr/tartancalib/image/dataset_4-22/right_record_20260421_140151/right_vimbax_camera_right_image_raw_000067_833729099500.png"
image_file_size: 6587032
image_mtime: 1776751346
detector_config_hash: a5f7c893e3a5f9e3
image_size:
   - 4512
   - 4512
requested_board_ids:
   - 1
   - 2
   - 3
   - 4
   - 5
detections:
   -
      success: 1
      board_id: 1
      detected_tag_id: 1
      original_longest_side: 4512
      chosen_scale_longest_side: 1805
      chosen_scale_factor: 0.40004432624113473
      scale_configuration_mode: fixed_schedule
      used_corner_fusion: 1
      hamming: 0
      good: 1
      attempted_local_patch_rescue: 0
      used_local_patch_rescue: 0
      local_patch_rescue_summary: ""
      quality: 0.94614662104225156
      failure_reason: 0
      failure_reason_text: None
      coarse_corners_scaled_image:
         -
            - 693.59698486328125
            - 1033.713134765625
         -
            - 1037.234375
            - 1054.5316162109375
         -
            - 1045.919677734375
            - 705.4271240234375
         -
            - 711.85003662109375
            - 703.81146240234375
      coarse_corners_original_image:
         -
            - 1733.80029296875
            - 2583.99658203125
         -
            - 2592.798583984375
            - 2636.036865234375
         -
            - 2614.509521484375
            - 1763.3724365234375
         -
            - 1779.4278564453125
            - 1759.333740234375
      refined_corners_original_image:
         -
            - 1746.3209228515625
            - 2579.92041015625
         -
            - 2587.436279296875
            - 2630.765380859375
         -
            - 2608.47119140625
            - 1774.641845703125
         -
            - 1791.40869140625
            - 1772.0711669921875
      refined_valid:
         - 1
         - 1
         - 1
         - 1
      successful_scale_longest_sides:
         - 1805
         - 1289
         - 1003
         - 752
         - 564
         - 376
      corner_verification_debug:
         -
            corner_index: 0
            coarse_corner:
               - 1733.80029296875
               - 2583.99658203125
            verified_corner:
               - 1733.80029296875
               - 2583.99658203125
            subpix_corner:
               - 1746.3209228515625
               - 2579.92041015625
            verification_roi:
               - 1692
               - 2542
               - 84
               - 84
            prev_edge_direction:
               - 0.055244255810976028
               - -0.99847286939620972
            next_edge_direction:
               - 0.99816989898681641
               - 0.060471650213003159
            prev_marker_support_points:
               -
                  - 1746.5372314453125
                  - 2547.477783203125
               -
                  - 1746.390380859375
                  - 2532.029052734375
               -
                  - 1746.2437744140625
                  - 2516.580078125
               -
                  - 1746.096923828125
                  - 2501.130859375
               -
                  - 1745.9501953125
                  - 2485.68212890625
               -
                  - 1746.8018798828125
                  - 2470.288330078125
               -
                  - 1746.6551513671875
                  - 2454.83935546875
               -
                  - 1746.5084228515625
                  - 2439.390625
               -
                  - 1747.360107421875
                  - 2423.996826171875
               -
                  - 1747.2132568359375
                  - 2408.5478515625
               -
                  - 1747.066650390625
                  - 2393.098876953125
               -
                  - 1747.9183349609375
                  - 2377.705078125
               -
                  - 1748.77001953125
                  - 2362.3115234375
               -
                  - 1748.6231689453125
                  - 2346.862548828125
               -
                  - 1749.4749755859375
                  - 2331.468994140625
               -
                  - 1749.3282470703125
                  - 2316.019775390625
            next_marker_support_points:
               -
                  - 1771.12255859375
                  - 2582.551025390625
               -
                  - 1787.0968017578125
                  - 2584.5205078125
               -
                  - 1803.0709228515625
                  - 2586.490234375
               -
                  - 1819.1055908203125
                  - 2587.461669921875
               -
                  - 1835.0797119140625
                  - 2589.43115234375
               -
                  - 1851.0538330078125
                  - 2591.40087890625
               -
                  - 1867.0885009765625
                  - 2592.3720703125
               -
                  - 1883.062744140625
                  - 2594.341552734375
               -
                  - 1899.0972900390625
                  - 2595.31298828125
               -
                  - 1915.071533203125
                  - 2597.28271484375
               -
                  - 1931.106201171875
                  - 2598.254150390625
               -
                  - 1947.1407470703125
                  - 2599.2255859375
               -
                  - 1963.1148681640625
                  - 2601.195068359375
               -
                  - 1979.1495361328125
                  - 2602.16650390625
               -
                  - 1995.1842041015625
                  - 2603.137939453125
               -
                  - 2011.158447265625
                  - 2605.107666015625
            prev_branch_points:
               []
            next_branch_points:
               []
            local_scale: 825.92413330078125
            verification_roi_radius: 41
            candidate_radius: 0
            branch_search_radius: 0
            direction_consistency_score: 1.
            local_layout_score: 1.
            verification_quality: 1.
            coarse_to_verified_displacement: 0.
            coarse_to_subpix_displacement: 13.167435646057129
            coarse_to_refined_displacement: 13.167435646057129
            corner_marker_width: 206.48103332519531
            image_line_corner:
               - 0.
               - 0.
            prev_image_line_residual: 0.
            next_image_line_residual: 0.
            prev_image_line_support_count: 0
            next_image_line_support_count: 0
            image_line_valid: 0
            line_refinement_success: 1
            line_refinement_quality: 0.8567798725772976
            line_jump: 12.424300193786621
            line_jump_limit: 0.
            line_inside: 1
            line_seed_gap: 12.424300193786621
            line_seed_accepted: 1
            spherical_corner:
               - 1733.80029296875
               - 2583.99658203125
            prev_spherical_curve_points:
               []
            next_spherical_curve_points:
               []
            prev_spherical_residual: 0.
            next_spherical_residual: 0.
            prev_spherical_support_count: 0
            next_spherical_support_count: 0
            spherical_refinement_valid: 0
            spherical_refinement_applied: 0
            spherical_failure_reason: ""
            subpix_window_radius: 31
            refine_displacement_limit: 0.
            refined_valid: 1
            verification_passed: 1
            subpix_applied: 1
            failure_reason: cs_only
         -
            corner_index: 1
            coarse_corner:
               - 2592.798583984375
               - 2636.036865234375
            verified_corner:
               - 2592.798583984375
               - 2636.036865234375
            subpix_corner:
