%YAML:1.0
---
format_version: outer_detection_cache_v2
absolute_image_path: "/Users/linzhaoxian/lzx-ws/project/calibr/tartancalib/image/dataset_4-22/right_record_20260421_140151/right_vimbax_camera_right_image_raw_000083_841424231900.png"
image_file_size: 6532107
image_mtime: 1776751354
detector_config_hash: a5f7c893e3a5f9e3
image_size:
   - 4512
   - 4512
requested_board_ids:
   - 1
   - 2
   - 3
   - 4
   - 5
detections:
   -
      success: 1
      board_id: 1
      detected_tag_id: 1
      original_longest_side: 4512
      chosen_scale_longest_side: 1805
      chosen_scale_factor: 0.40004432624113473
      scale_configuration_mode: fixed_schedule
      used_corner_fusion: 1
      hamming: 0
      good: 1
      attempted_local_patch_rescue: 0
      used_local_patch_rescue: 0
      local_patch_rescue_summary: ""
      quality: 0.95070407290485959
      failure_reason: 0
      failure_reason_text: None
      coarse_corners_scaled_image:
         -
            - 706.8385009765625
            - 1033.1693115234375
         -
            - 1009.1701049804688
            - 1050.3817138671875
         -
            - 1017.3856811523438
            - 741.75579833984375
         -
            - 721.29095458984375
            - 740.00946044921875
      coarse_corners_original_image:
         -
            - 1766.9005126953125
            - 2582.636962890625
         -
            - 2522.645751953125
            - 2625.663330078125
         -
            - 2543.182373046875
            - 1854.1839599609375
         -
            - 1803.027587890625
            - 1849.818603515625
      refined_corners_original_image:
         -
            - 1776.535400390625
            - 2579.442138671875
         -
            - 2519.901123046875
            - 2621.792724609375
         -
            - 2540.2333984375
            - 1862.31103515625
         -
            - 1812.044677734375
            - 1858.6142578125
      refined_valid:
         - 1
         - 1
         - 1
         - 1
      successful_scale_longest_sides:
         - 1805
         - 1289
         - 1003
         - 752
         - 564
         - 376
      corner_verification_debug:
         -
            corner_index: 0
            coarse_corner:
               - 1766.9005126953125
               - 2582.636962890625
            verified_corner:
               - 1766.9005126953125
               - 2582.636962890625
            subpix_corner:
               - 1776.535400390625
               - 2579.442138671875
            verification_roi:
               - 1729
               - 2545
               - 76
               - 76
            prev_edge_direction:
               - 0.049239017069339752
               - -0.9987870454788208
            next_edge_direction:
               - 0.9983832836151123
               - 0.056840326637029648
            prev_marker_support_points:
               -
                  - 1779.4129638671875
                  - 2550.19677734375
               -
                  - 1779.0885009765625
                  - 2536.468505859375
               -
                  - 1778.76416015625
                  - 2522.73974609375
               -
                  - 1779.4384765625
                  - 2509.060546875
               -
                  - 1779.1141357421875
                  - 2495.33203125
               -
                  - 1779.7884521484375
                  - 2481.652587890625
               -
                  - 1779.464111328125
                  - 2467.92431640625
               -
                  - 1779.1396484375
                  - 2454.19580078125
               -
                  - 1779.8140869140625
                  - 2440.516357421875
               -
                  - 1779.4896240234375
                  - 2426.787841796875
               -
                  - 1780.1639404296875
                  - 2413.108642578125
               -
                  - 1780.83837890625
                  - 2399.42919921875
               -
                  - 1781.5126953125
                  - 2385.75
               -
                  - 1781.1883544921875
                  - 2372.021728515625
               -
                  - 1781.8626708984375
                  - 2358.342529296875
               -
                  - 1781.538330078125
                  - 2344.61376953125
            next_marker_support_points:
               -
                  - 1800.02880859375
                  - 2581.618408203125
               -
                  - 1814.135986328125
                  - 2582.421630859375
               -
                  - 1828.1865234375
                  - 2584.222900390625
               -
                  - 1842.2369384765625
                  - 2586.024658203125
               -
                  - 1856.3441162109375
                  - 2586.827880859375
               -
                  - 1870.451416015625
                  - 2587.631103515625
               -
                  - 1884.501708984375
                  - 2589.432373046875
               -
                  - 1898.6090087890625
                  - 2590.235595703125
               -
                  - 1912.659423828125
                  - 2592.037109375
               -
                  - 1926.7667236328125
                  - 2592.84033203125
               -
                  - 1940.8739013671875
                  - 2593.643310546875
               -
                  - 1954.92431640625
                  - 2595.445068359375
               -
                  - 1969.031494140625
                  - 2596.248291015625
               -
                  - 1983.08203125
                  - 2598.0498046875
               -
                  - 1997.1893310546875
                  - 2598.852783203125
               -
                  - 2011.2965087890625
                  - 2599.656005859375
            prev_branch_points:
               []
            next_branch_points:
               []
            local_scale: 733.70831298828125
            verification_roi_radius: 37
            candidate_radius: 0
            branch_search_radius: 0
            direction_consistency_score: 1.
            local_layout_score: 1.
            verification_quality: 1.
            coarse_to_verified_displacement: 0.
            coarse_to_subpix_displacement: 10.150761604309082
            coarse_to_refined_displacement: 10.150761604309082
            corner_marker_width: 183.42707824707031
            image_line_corner:
               - 0.
               - 0.
            prev_image_line_residual: 0.
            next_image_line_residual: 0.
            prev_image_line_support_count: 0
            next_image_line_support_count: 0
            image_line_valid: 0
            line_refinement_success: 1
            line_refinement_quality: 0.86077925767933738
            line_jump: 11.841226577758789
            line_jump_limit: 0.
            line_inside: 1
            line_seed_gap: 11.841226577758789
            line_seed_accepted: 1
            spherical_corner:
               - 1766.9005126953125
               - 2582.636962890625
            prev_spherical_curve_points:
               []
            next_spherical_curve_points:
               []
            prev_spherical_residual: 0.
            next_spherical_residual: 0.
            prev_spherical_support_count: 0
            next_spherical_support_count: 0
            spherical_refinement_valid: 0
            spherical_refinement_applied: 0
            spherical_failure_reason: ""
            subpix_window_radius: 28
            refine_displacement_limit: 0.
            refined_valid: 1
            verification_passed: 1
            subpix_applied: 1
            failure_reason: cs_only
         -
            corner_index: 1
            coarse_corner:
               - 2522.645751953125
               - 2625.663330078125
            verified_corner:
               - 2522.645751953125
               - 2625.663330078125
            subpix_corner:
