%YAML:1.0
---
format_version: outer_detection_cache_v2
absolute_image_path: "/Users/linzhaoxian/lzx-ws/project/calibr/tartancalib/image/dataset_4-22/right_record_20260421_140151/right_vimbax_camera_right_image_raw_000285_939537170600.png"
image_file_size: 6207896
image_mtime: 1776751454
detector_config_hash: a5f7c893e3a5f9e3
image_size:
   - 4512
   - 4512
requested_board_ids:
   - 1
   - 2
   - 3
   - 4
   - 5
detections:
   -
      success: 1
      board_id: 1
      detected_tag_id: 1
      original_longest_side: 4512
      chosen_scale_longest_side: 1003
      chosen_scale_factor: 0.22229609929078015
      scale_configuration_mode: fixed_schedule
      used_corner_fusion: 1
      hamming: 0
      good: 1
      attempted_local_patch_rescue: 0
      used_local_patch_rescue: 0
      local_patch_rescue_summary: ""
      quality: 0.97157355843534599
      failure_reason: 0
      failure_reason_text: None
      coarse_corners_scaled_image:
         -
            - 346.65060424804688
            - 559.5364990234375
         -
            - 453.783203125
            - 562.8922119140625
         -
            - 457.70120239257812
            - 454.24240112304688
         -
            - 350.76425170898438
            - 449.43649291992188
      coarse_corners_original_image:
         -
            - 1559.4093017578125
            - 2517.077392578125
         -
            - 2041.3458251953125
            - 2532.173095703125
         -
            - 2058.970947265625
            - 2043.4114990234375
         -
            - 1577.91455078125
            - 2021.7921142578125
      refined_corners_original_image:
         -
            - 1559.4093017578125
            - 2517.077392578125
         -
            - 2041.3458251953125
            - 2532.173095703125
         -
            - 2058.970947265625
            - 2043.4114990234375
         -
            - 1595.22802734375
            - 2028.820068359375
      refined_valid:
         - 1
         - 1
         - 1
         - 1
      successful_scale_longest_sides:
         - 1289
         - 1003
         - 752
         - 564
         - 376
      corner_verification_debug:
         -
            corner_index: 0
            coarse_corner:
               - 1559.4093017578125
               - 2517.077392578125
            verified_corner:
               - 1559.4093017578125
               - 2517.077392578125
            subpix_corner:
               - 1559.4093017578125
               - 2517.077392578125
            verification_roi:
               - 1535
               - 2493
               - 50
               - 50
            prev_edge_direction:
               - 0.03733675554394722
               - -0.99930274486541748
            next_edge_direction:
               - 0.99950981140136719
               - 0.031307656317949295
            prev_marker_support_points:
               -
                  - 1560.0196533203125
                  - 2495.38720703125
               -
                  - 1555.368408203125
                  - 2485.955322265625
               -
                  - 1557.7125244140625
                  - 2476.78466796875
               -
                  - 1562.05517578125
                  - 2467.6884765625
               -
                  - 1561.4013671875
                  - 2458.40576171875
               -
                  - 1559.748046875
                  - 2449.086181640625
               -
                  - 1565.090087890625
                  - 2440.02734375
               -
                  - 1559.439697265625
                  - 2430.55810546875
               -
                  - 1561.78369140625
                  - 2421.38720703125
               -
                  - 1562.129150390625
                  - 2412.141845703125
               -
                  - 1570.468994140625
                  - 2403.1953125
               -
                  - 1559.8221435546875
                  - 2393.53955078125
               -
                  - 1563.1654052734375
                  - 2384.406005859375
               -
                  - 1570.5059814453125
                  - 2375.422119140625
               -
                  - 1561.857666015625
                  - 2365.8408203125
               -
                  - 1563.202392578125
                  - 2356.6328125
            next_marker_support_points:
               -
                  - 1580.93359375
                  - 2522.9541015625
               -
                  - 1590.11767578125
                  - 2517.239013671875
               -
                  - 1599.08251953125
                  - 2518.520263671875
               -
                  - 1608.07861328125
                  - 2518.802001953125
               -
                  - 1617.0748291015625
                  - 2519.083740234375
               -
                  - 1626.0709228515625
                  - 2519.365478515625
               -
                  - 1635.067138671875
                  - 2519.6474609375
               -
                  - 1644.063232421875
                  - 2519.92919921875
               -
                  - 1653.028076171875
                  - 2521.21044921875
               -
                  - 1662.024169921875
                  - 2521.4921875
               -
                  - 1671.0203857421875
                  - 2521.77392578125
               -
                  - 1680.0478515625
                  - 2521.056396484375
               -
                  - 1689.0439453125
                  - 2521.338134765625
               -
                  - 1698.0087890625
                  - 2522.619384765625
               -
                  - 1707.0048828125
                  - 2522.901123046875
               -
                  - 1716.0010986328125
                  - 2523.182861328125
            prev_branch_points:
               []
            next_branch_points:
               []
            local_scale: 482.17288208007812
            verification_roi_radius: 24
            candidate_radius: 0
            branch_search_radius: 0
            direction_consistency_score: 1.
            local_layout_score: 1.
            verification_quality: 1.
            coarse_to_verified_displacement: 0.
            coarse_to_subpix_displacement: 0.
            coarse_to_refined_displacement: 0.
            corner_marker_width: 120.54322052001953
            image_line_corner:
               - 0.
               - 0.
            prev_image_line_residual: 0.
            next_image_line_residual: 0.
            prev_image_line_support_count: 0
            next_image_line_support_count: 0
            image_line_valid: 0
            line_refinement_success: 0
            line_refinement_quality: 0.
            line_jump: 2960.985595703125
            line_jump_limit: 0.
            line_inside: 0
            line_seed_gap: 2960.985595703125
            line_seed_accepted: 0
            spherical_corner:
               - 1559.4093017578125
               - 2517.077392578125
            prev_spherical_curve_points:
               []
            next_spherical_curve_points:
               []
            prev_spherical_residual: 0.
            next_spherical_residual: 0.
            prev_spherical_support_count: 0
            next_spherical_support_count: 0
            spherical_refinement_valid: 0
            spherical_refinement_applied: 0
            spherical_failure_reason: ""
            subpix_window_radius: 18
            refine_displacement_limit: 0.
            refined_valid: 1
            verification_passed: 1
            subpix_applied: 1
            failure_reason: cs_only
         -
            corner_index: 1
            coarse_corner:
               - 2041.3458251953125
               - 2532.173095703125
            verified_corner:
               - 2041.3458251953125
               - 2532.173095703125
            subpix_corner:
               - 2041.3458251953125
               - 2532.173095703125
