%YAML:1.0
---
format_version: outer_detection_cache_v2
absolute_image_path: "/Users/linzhaoxian/lzx-ws/project/calibr/tartancalib/image/dataset_4-22/right_record_20260421_140151/right_vimbax_camera_right_image_raw_000104_851524093200.png"
image_file_size: 6328036
image_mtime: 1776751364
detector_config_hash: a5f7c893e3a5f9e3
image_size:
   - 4512
   - 4512
requested_board_ids:
   - 1
   - 2
   - 3
   - 4
   - 5
detections:
   -
      success: 1
      board_id: 1
      detected_tag_id: 1
      original_longest_side: 4512
      chosen_scale_longest_side: 2256
      chosen_scale_factor: 0.5
      scale_configuration_mode: fixed_schedule
      used_corner_fusion: 1
      hamming: 0
      good: 1
      attempted_local_patch_rescue: 0
      used_local_patch_rescue: 0
      local_patch_rescue_summary: ""
      quality: 0.95822146407308573
      failure_reason: 0
      failure_reason_text: None
      coarse_corners_scaled_image:
         -
            - 1061.867431640625
            - 1269.360107421875
         -
            - 1402.3924560546875
            - 1283.699951171875
         -
            - 1400.62158203125
            - 939.10528564453125
         -
            - 1070.4254150390625
            - 937.08392333984375
      coarse_corners_original_image:
         -
            - 2123.73486328125
            - 2538.72021484375
         -
            - 2804.784912109375
            - 2567.39990234375
         -
            - 2801.2431640625
            - 1878.2105712890625
         -
            - 2140.850830078125
            - 1874.1678466796875
      refined_corners_original_image:
         -
            - 2123.73486328125
            - 2538.72021484375
         -
            - 2824.259765625
            - 2565.687255859375
         -
            - 2778.72412109375
            - 1882.2073974609375
         -
            - 2117.09228515625
            - 1880.4873046875
      refined_valid:
         - 1
         - 1
         - 1
         - 1
      successful_scale_longest_sides:
         - 2256
         - 1805
         - 1289
         - 1003
         - 752
         - 564
         - 376
      corner_verification_debug:
         -
            corner_index: 0
            coarse_corner:
               - 2123.73486328125
               - 2538.72021484375
            verified_corner:
               - 2123.73486328125
               - 2538.72021484375
            subpix_corner:
               - 2123.73486328125
               - 2538.72021484375
            verification_roi:
               - 2090
               - 2505
               - 68
               - 68
            prev_edge_direction:
               - 0.025747094303369522
               - -0.99966847896575928
            next_edge_direction:
               - 0.9991145133972168
               - 0.042073696851730347
            prev_marker_support_points:
               -
                  - 2123.60546875
                  - 2508.792236328125
               -
                  - 2115.927490234375
                  - 2496.18115234375
               -
                  - 2115.247314453125
                  - 2483.75048828125
               -
                  - 2115.56689453125
                  - 2471.345458984375
               -
                  - 2117.885498046875
                  - 2458.9921875
               -
                  - 2123.20361328125
                  - 2446.7158203125
               -
                  - 2135.51904296875
                  - 2434.619873046875
               -
                  - 2119.84375
                  - 2421.802734375
               -
                  - 2118.1640625
                  - 2409.34619140625
               -
                  - 2135.47802734375
                  - 2397.379150390625
               -
                  - 2117.80322265625
                  - 2384.5107421875
               -
                  - 2118.122802734375
                  - 2372.105712890625
               -
                  - 2120.441650390625
                  - 2359.752197265625
               -
                  - 2128.75830078125
                  - 2347.55322265625
               -
                  - 2125.079345703125
                  - 2335.04541015625
               -
                  - 2121.400146484375
                  - 2322.537353515625
            next_marker_support_points:
               -
                  - 2153.837646484375
                  - 2534.88330078125
               -
                  - 2166.55078125
                  - 2535.418701171875
               -
                  - 2179.2216796875
                  - 2536.953125
               -
                  - 2191.9345703125
                  - 2537.488525390625
               -
                  - 2204.6474609375
                  - 2538.02392578125
               -
                  - 2217.3603515625
                  - 2538.55908203125
               -
                  - 2230.0732421875
                  - 2539.094482421875
               -
                  - 2242.786376953125
                  - 2539.6298828125
               -
                  - 2255.499267578125
                  - 2540.165283203125
               -
                  - 2268.169921875
                  - 2541.699951171875
               -
                  - 2280.8408203125
                  - 2543.234130859375
               -
                  - 2293.595703125
                  - 2542.7705078125
               -
                  - 2306.266845703125
                  - 2544.304931640625
               -
                  - 2318.979736328125
                  - 2544.84033203125
               -
                  - 2331.692626953125
                  - 2545.375732421875
               -
                  - 2344.405517578125
                  - 2545.910888671875
            prev_branch_points:
               []
            next_branch_points:
               []
            local_scale: 664.77276611328125
            verification_roi_radius: 33
            candidate_radius: 0
            branch_search_radius: 0
            direction_consistency_score: 1.
            local_layout_score: 1.
            verification_quality: 1.
            coarse_to_verified_displacement: 0.
            coarse_to_subpix_displacement: 0.
            coarse_to_refined_displacement: 0.
            corner_marker_width: 166.19319152832031
            image_line_corner:
               - 0.
               - 0.
            prev_image_line_residual: 0.
            next_image_line_residual: 0.
            prev_image_line_support_count: 0
            next_image_line_support_count: 0
            image_line_valid: 0
            line_refinement_success: 0
            line_refinement_quality: 0.
            line_jump: 3309.88671875
            line_jump_limit: 0.
            line_inside: 0
            line_seed_gap: 3309.88671875
            line_seed_accepted: 0
            spherical_corner:
               - 2123.73486328125
               - 2538.72021484375
            prev_spherical_curve_points:
               []
            next_spherical_curve_points:
               []
            prev_spherical_residual: 0.
            next_spherical_residual: 0.
            prev_spherical_support_count: 0
            next_spherical_support_count: 0
            spherical_refinement_valid: 0
            spherical_refinement_applied: 0
            spherical_failure_reason: ""
            subpix_window_radius: 25
            refine_displacement_limit: 0.
            refined_valid: 1
            verification_passed: 1
            subpix_applied: 1
            failure_reason: cs_only
         -
            corner_index: 1
            coarse_corner:
               - 2804.784912109375
               - 2567.39990234375
            verified_corner:
               - 2804.784912109375
               - 2567.39990234375
            subpix_corner:
               - 2824.259765625
               - 2565.687255859375
            verification_roi:
               - 2770
               - 2533
