%YAML:1.0
---
format_version: outer_detection_cache_v2
absolute_image_path: "/Users/linzhaoxian/lzx-ws/project/calibr/tartancalib/image/dataset_4-22/right_record_20260421_140151/right_vimbax_camera_right_image_raw_000073_836614774100.png"
image_file_size: 6549157
image_mtime: 1776751349
detector_config_hash: a5f7c893e3a5f9e3
image_size:
   - 4512
   - 4512
requested_board_ids:
   - 1
   - 2
   - 3
   - 4
   - 5
detections:
   -
      success: 1
      board_id: 1
      detected_tag_id: 1
      original_longest_side: 4512
      chosen_scale_longest_side: 1805
      chosen_scale_factor: 0.40004432624113473
      scale_configuration_mode: fixed_schedule
      used_corner_fusion: 1
      hamming: 0
      good: 1
      attempted_local_patch_rescue: 0
      used_local_patch_rescue: 0
      local_patch_rescue_summary: ""
      quality: 0.94608067311924726
      failure_reason: 0
      failure_reason_text: None
      coarse_corners_scaled_image:
         -
            - 692.826416015625
            - 1041.1751708984375
         -
            - 1035.9007568359375
            - 1062.008056640625
         -
            - 1044.5555419921875
            - 713.24114990234375
         -
            - 711.41546630859375
            - 711.6358642578125
      coarse_corners_original_image:
         -
            - 1731.8741455078125
            - 2602.6494140625
         -
            - 2589.465087890625
            - 2654.72607421875
         -
            - 2611.099609375
            - 1782.9052734375
         -
            - 1778.341552734375
            - 1778.8924560546875
      refined_corners_original_image:
         -
            - 1743.0050048828125
            - 2597.92138671875
         -
            - 2583.200439453125
            - 2649.34326171875
         -
            - 2604.350341796875
            - 1794.0823974609375
         -
            - 1788.7437744140625
            - 1790.5220947265625
      refined_valid:
         - 1
         - 1
         - 1
         - 1
      successful_scale_longest_sides:
         - 1805
         - 1289
         - 1003
         - 752
         - 564
         - 376
      corner_verification_debug:
         -
            corner_index: 0
            coarse_corner:
               - 1731.8741455078125
               - 2602.6494140625
            verified_corner:
               - 1731.8741455078125
               - 2602.6494140625
            subpix_corner:
               - 1743.0050048828125
               - 2597.92138671875
            verification_roi:
               - 1690
               - 2561
               - 84
               - 84
            prev_edge_direction:
               - 0.056319586932659149
               - -0.99841278791427612
            next_edge_direction:
               - 0.99816137552261353
               - 0.060612708330154419
            prev_marker_support_points:
               -
                  - 1742.6513671875
                  - 2566.0703125
               -
                  - 1742.520263671875
                  - 2550.63720703125
               -
                  - 1742.3892822265625
                  - 2535.2041015625
               -
                  - 1742.25830078125
                  - 2519.77099609375
               -
                  - 1742.127197265625
                  - 2504.337890625
               -
                  - 1742.99462890625
                  - 2488.9609375
               -
                  - 1742.8636474609375
                  - 2473.528076171875
               -
                  - 1742.7325439453125
                  - 2458.094970703125
               -
                  - 1743.5999755859375
                  - 2442.718017578125
               -
                  - 1743.468994140625
                  - 2427.284912109375
               -
                  - 1743.337890625
                  - 2411.851806640625
               -
                  - 1744.205322265625
                  - 2396.474853515625
               -
                  - 1744.0743408203125
                  - 2381.0419921875
               -
                  - 1744.941650390625
                  - 2365.6650390625
               -
                  - 1744.8106689453125
                  - 2350.23193359375
               -
                  - 1745.6781005859375
                  - 2334.855224609375
            next_marker_support_points:
               -
                  - 1769.1580810546875
                  - 2601.206787109375
               -
                  - 1785.10595703125
                  - 2603.1767578125
               -
                  - 1801.1142578125
                  - 2604.14892578125
               -
                  - 1817.06201171875
                  - 2606.119384765625
               -
                  - 1833.009765625
                  - 2608.089599609375
               -
                  - 1849.0181884765625
                  - 2609.0615234375
               -
                  - 1864.9658203125
                  - 2611.031982421875
               -
                  - 1880.91357421875
                  - 2613.002197265625
               -
                  - 1896.921875
                  - 2613.97412109375
               -
                  - 1912.8697509765625
                  - 2615.9443359375
               -
                  - 1928.878173828125
                  - 2616.91650390625
               -
                  - 1944.8258056640625
                  - 2618.886962890625
               -
                  - 1960.8341064453125
                  - 2619.85888671875
               -
                  - 1976.842529296875
                  - 2620.8310546875
               -
                  - 1992.7904052734375
                  - 2622.80126953125
               -
                  - 2008.7987060546875
                  - 2623.773193359375
            prev_branch_points:
               []
            next_branch_points:
               []
            local_scale: 825.0665283203125
            verification_roi_radius: 41
            candidate_radius: 0
            branch_search_radius: 0
            direction_consistency_score: 1.
            local_layout_score: 1.
            verification_quality: 1.
            coarse_to_verified_displacement: 0.
            coarse_to_subpix_displacement: 12.093398094177246
            coarse_to_refined_displacement: 12.093398094177246
            corner_marker_width: 206.26663208007812
            image_line_corner:
               - 0.
               - 0.
            prev_image_line_residual: 0.
            next_image_line_residual: 0.
            prev_image_line_support_count: 0
            next_image_line_support_count: 0
            image_line_valid: 0
            line_refinement_success: 1
            line_refinement_quality: 0.86781230964858191
            line_jump: 11.007061004638672
            line_jump_limit: 0.
            line_inside: 1
            line_seed_gap: 11.007061004638672
            line_seed_accepted: 1
            spherical_corner:
               - 1731.8741455078125
               - 2602.6494140625
            prev_spherical_curve_points:
               []
            next_spherical_curve_points:
               []
            prev_spherical_residual: 0.
            next_spherical_residual: 0.
            prev_spherical_support_count: 0
            next_spherical_support_count: 0
            spherical_refinement_valid: 0
            spherical_refinement_applied: 0
            spherical_failure_reason: ""
            subpix_window_radius: 31
            refine_displacement_limit: 0.
            refined_valid: 1
            verification_passed: 1
            subpix_applied: 1
            failure_reason: cs_only
         -
            corner_index: 1
            coarse_corner:
               - 2589.465087890625
               - 2654.72607421875
            verified_corner:
               - 2589.465087890625
               - 2654.72607421875
            subpix_corner:
               - 2583.200439453125
