%YAML:1.0
---
format_version: outer_detection_cache_v2
absolute_image_path: "/Users/linzhaoxian/lzx-ws/project/calibr/tartancalib/image/dataset_4-22/right_record_20260421_140151/right_vimbax_camera_right_image_raw_000064_832286262100.png"
image_file_size: 6465063
image_mtime: 1776751344
detector_config_hash: a5f7c893e3a5f9e3
image_size:
   - 4512
   - 4512
requested_board_ids:
   - 1
   - 2
   - 3
   - 4
   - 5
detections:
   -
      success: 1
      board_id: 1
      detected_tag_id: 1
      original_longest_side: 4512
      chosen_scale_longest_side: 2256
      chosen_scale_factor: 0.5
      scale_configuration_mode: fixed_schedule
      used_corner_fusion: 1
      hamming: 0
      good: 1
      attempted_local_patch_rescue: 0
      used_local_patch_rescue: 0
      local_patch_rescue_summary: ""
      quality: 0.94242105078615446
      failure_reason: 0
      failure_reason_text: None
      coarse_corners_scaled_image:
         -
            - 881.93218994140625
            - 1324.1083984375
         -
            - 1302.86669921875
            - 1340.704833984375
         -
            - 1304.028564453125
            - 910.747314453125
         -
            - 893.96636962890625
            - 919.08465576171875
      coarse_corners_original_image:
         -
            - 1763.8643798828125
            - 2648.216796875
         -
            - 2605.7333984375
            - 2681.40966796875
         -
            - 2608.05712890625
            - 1821.49462890625
         -
            - 1787.9327392578125
            - 1838.1693115234375
      refined_corners_original_image:
         -
            - 1775.2177734375
            - 2642.887939453125
         -
            - 2600.146728515625
            - 2676.82421875
         -
            - 2602.602294921875
            - 1831.1627197265625
         -
            - 1798.9146728515625
            - 1848.6754150390625
      refined_valid:
         - 1
         - 1
         - 1
         - 1
      successful_scale_longest_sides:
         - 2256
         - 1289
         - 1003
         - 752
         - 564
         - 376
      corner_verification_debug:
         -
            corner_index: 0
            coarse_corner:
               - 1763.8643798828125
               - 2648.216796875
            verified_corner:
               - 1763.8643798828125
               - 2648.216796875
            subpix_corner:
               - 1775.2177734375
               - 2642.887939453125
            verification_roi:
               - 1722
               - 2607
               - 84
               - 84
            prev_edge_direction:
               - 0.02969917468726635
               - -0.99955886602401733
            next_edge_direction:
               - 0.99922364950180054
               - 0.039396986365318298
            prev_marker_support_points:
               -
                  - 1773.6436767578125
                  - 2612.02294921875
               -
                  - 1774.0928955078125
                  - 2596.902099609375
               -
                  - 1771.54345703125
                  - 2581.692138671875
               -
                  - 1772.9923095703125
                  - 2566.60107421875
               -
                  - 1771.4423828125
                  - 2551.420654296875
               -
                  - 1770.8922119140625
                  - 2536.27001953125
               -
                  - 1771.3414306640625
                  - 2521.149169921875
               -
                  - 1770.791259765625
                  - 2505.99853515625
               -
                  - 1771.240478515625
                  - 2490.877685546875
               -
                  - 1770.690185546875
                  - 2475.727294921875
               -
                  - 1770.139892578125
                  - 2460.57666015625
               -
                  - 1769.589599609375
                  - 2445.426025390625
               -
                  - 1770.038818359375
                  - 2430.30517578125
               -
                  - 1770.4881591796875
                  - 2415.184326171875
               -
                  - 1770.9373779296875
                  - 2400.0634765625
               -
                  - 1770.38720703125
                  - 2384.912841796875
            next_marker_support_points:
               -
                  - 1800.5682373046875
                  - 2642.958740234375
               -
                  - 1816.2830810546875
                  - 2643.578369140625
               -
                  - 1831.958740234375
                  - 2645.197265625
               -
                  - 1847.6341552734375
                  - 2646.816162109375
               -
                  - 1863.3095703125
                  - 2648.434814453125
               -
                  - 1878.985107421875
                  - 2650.053466796875
               -
                  - 1894.699951171875
                  - 2650.673095703125
               -
                  - 1910.37548828125
                  - 2652.2919921875
               -
                  - 1926.051025390625
                  - 2653.910888671875
               -
                  - 1941.765869140625
                  - 2654.530517578125
               -
                  - 1957.4412841796875
                  - 2656.1494140625
               -
                  - 1973.15625
                  - 2656.76904296875
               -
                  - 1988.87109375
                  - 2657.388427734375
               -
                  - 2004.50732421875
                  - 2660.00634765625
               -
                  - 2020.22216796875
                  - 2660.6259765625
               -
                  - 2035.93701171875
                  - 2661.24560546875
            prev_branch_points:
               []
            next_branch_points:
               []
            local_scale: 810.40496826171875
            verification_roi_radius: 41
            candidate_radius: 0
            branch_search_radius: 0
            direction_consistency_score: 1.
            local_layout_score: 1.
            verification_quality: 1.
            coarse_to_verified_displacement: 0.
            coarse_to_subpix_displacement: 12.541780471801758
            coarse_to_refined_displacement: 12.541780471801758
            corner_marker_width: 202.60124206542969
            image_line_corner:
               - 0.
               - 0.
            prev_image_line_residual: 0.
            next_image_line_residual: 0.
            prev_image_line_support_count: 0
            next_image_line_support_count: 0
            image_line_valid: 0
            line_refinement_success: 1
            line_refinement_quality: 0.75431044101375844
            line_jump: 13.024189949035645
            line_jump_limit: 0.
            line_inside: 1
            line_seed_gap: 13.024189949035645
            line_seed_accepted: 1
            spherical_corner:
               - 1763.8643798828125
               - 2648.216796875
            prev_spherical_curve_points:
               []
            next_spherical_curve_points:
               []
            prev_spherical_residual: 0.
            next_spherical_residual: 0.
            prev_spherical_support_count: 0
            next_spherical_support_count: 0
            spherical_refinement_valid: 0
            spherical_refinement_applied: 0
            spherical_failure_reason: ""
            subpix_window_radius: 30
            refine_displacement_limit: 0.
            refined_valid: 1
            verification_passed: 1
            subpix_applied: 1
            failure_reason: cs_only
         -
            corner_index: 1
            coarse_corner:
               - 2605.7333984375
               - 2681.40966796875
            verified_corner:
               - 2605.7333984375
               - 2681.40966796875
            subpix_corner:
               - 2600.146728515625
