%YAML:1.0
---
format_version: outer_detection_cache_v2
absolute_image_path: "/Users/linzhaoxian/lzx-ws/project/calibr/tartancalib/image/dataset_4-22/right_record_20260421_140151/right_vimbax_camera_right_image_raw_000093_846233689700.png"
image_file_size: 6486924
image_mtime: 1776751359
detector_config_hash: a5f7c893e3a5f9e3
image_size:
   - 4512
   - 4512
requested_board_ids:
   - 1
   - 2
   - 3
   - 4
   - 5
detections:
   -
      success: 1
      board_id: 1
      detected_tag_id: 1
      original_longest_side: 4512
      chosen_scale_longest_side: 1289
      chosen_scale_factor: 0.28568262411347517
      scale_configuration_mode: fixed_schedule
      used_corner_fusion: 1
      hamming: 0
      good: 1
      attempted_local_patch_rescue: 0
      used_local_patch_rescue: 0
      local_patch_rescue_summary: ""
      quality: 0.95316609547893294
      failure_reason: 0
      failure_reason_text: None
      coarse_corners_scaled_image:
         -
            - 504.29891967773438
            - 737.73065185546875
         -
            - 722.06488037109375
            - 750.3441162109375
         -
            - 728.2509765625
            - 528.88568115234375
         -
            - 515.58172607421875
            - 526.86328125
      coarse_corners_original_image:
         -
            - 1765.2418212890625
            - 2582.343505859375
         -
            - 2527.507080078125
            - 2626.495361328125
         -
            - 2549.160888671875
            - 1851.3050537109375
         -
            - 1804.736083984375
            - 1844.2259521484375
      refined_corners_original_image:
         -
            - 1774.6280517578125
            - 2579.540771484375
         -
            - 2524.111083984375
            - 2623.869873046875
         -
            - 2546.31982421875
            - 1860.715576171875
         -
            - 1812.4659423828125
            - 1852.932861328125
      refined_valid:
         - 1
         - 1
         - 1
         - 1
      successful_scale_longest_sides:
         - 1289
         - 1003
         - 752
         - 564
         - 376
      corner_verification_debug:
         -
            corner_index: 0
            coarse_corner:
               - 1765.2418212890625
               - 2582.343505859375
            verified_corner:
               - 1765.2418212890625
               - 2582.343505859375
            subpix_corner:
               - 1774.6280517578125
               - 2579.540771484375
            verification_roi:
               - 1728
               - 2545
               - 76
               - 76
            prev_edge_direction:
               - 0.053430307656526566
               - -0.99857157468795776
            next_edge_direction:
               - 0.99832677841186523
               - 0.057824987918138504
            prev_marker_support_points:
               -
                  - 1768.9163818359375
                  - 2549.229736328125
               -
                  - 1769.6536865234375
                  - 2535.45166015625
               -
                  - 1770.390869140625
                  - 2521.67333984375
               -
                  - 1769.130859375
                  - 2507.788330078125
               -
                  - 1769.8681640625
                  - 2494.010009765625
               -
                  - 1769.6068115234375
                  - 2480.178466796875
               -
                  - 1770.343994140625
                  - 2466.400146484375
               -
                  - 1770.0826416015625
                  - 2452.568603515625
               -
                  - 1769.8212890625
                  - 2438.737060546875
               -
                  - 1771.5570068359375
                  - 2425.01220703125
               -
                  - 1771.2957763671875
                  - 2411.1806640625
               -
                  - 1772.032958984375
                  - 2397.402587890625
               -
                  - 1771.7716064453125
                  - 2383.57080078125
               -
                  - 1771.51025390625
                  - 2369.7392578125
               -
                  - 1772.2474365234375
                  - 2355.9609375
               -
                  - 1772.9847412109375
                  - 2342.182861328125
            next_marker_support_points:
               -
                  - 1798.5009765625
                  - 2583.368408203125
               -
                  - 1812.6722412109375
                  - 2585.19091796875
               -
                  - 1826.901123046875
                  - 2586.01513671875
               -
                  - 1841.130126953125
                  - 2586.83935546875
               -
                  - 1855.3011474609375
                  - 2588.661865234375
               -
                  - 1869.5301513671875
                  - 2589.48583984375
               -
                  - 1883.701171875
                  - 2591.308349609375
               -
                  - 1897.8724365234375
                  - 2593.130859375
               -
                  - 1912.101318359375
                  - 2593.955078125
               -
                  - 1926.330322265625
                  - 2594.779052734375
               -
                  - 1940.3280029296875
                  - 2599.5966796875
               -
                  - 1954.7303466796875
                  - 2597.42578125
               -
                  - 1968.9014892578125
                  - 2599.24853515625
               -
                  - 1983.13037109375
                  - 2600.07275390625
               -
                  - 1997.359375
                  - 2600.896728515625
               -
                  - 2011.58837890625
                  - 2601.720947265625
            prev_branch_points:
               []
            next_branch_points:
               []
            local_scale: 739.17340087890625
            verification_roi_radius: 37
            candidate_radius: 0
            branch_search_radius: 0
            direction_consistency_score: 1.
            local_layout_score: 1.
            verification_quality: 1.
            coarse_to_verified_displacement: 0.
            coarse_to_subpix_displacement: 9.795745849609375
            coarse_to_refined_displacement: 9.795745849609375
            corner_marker_width: 184.79335021972656
            image_line_corner:
               - 0.
               - 0.
            prev_image_line_residual: 0.
            next_image_line_residual: 0.
            prev_image_line_support_count: 0
            next_image_line_support_count: 0
            image_line_valid: 0
            line_refinement_success: 1
            line_refinement_quality: 0.60933895434883978
            line_jump: 3.8673515319824219
            line_jump_limit: 0.
            line_inside: 1
            line_seed_gap: 3.8673515319824219
            line_seed_accepted: 1
            spherical_corner:
               - 1765.2418212890625
               - 2582.343505859375
            prev_spherical_curve_points:
               []
            next_spherical_curve_points:
               []
            prev_spherical_residual: 0.
            next_spherical_residual: 0.
            prev_spherical_support_count: 0
            next_spherical_support_count: 0
            spherical_refinement_valid: 0
            spherical_refinement_applied: 0
            spherical_failure_reason: ""
            subpix_window_radius: 28
            refine_displacement_limit: 0.
            refined_valid: 1
            verification_passed: 1
            subpix_applied: 1
            failure_reason: cs_only
         -
            corner_index: 1
            coarse_corner:
               - 2527.507080078125
               - 2626.495361328125
            verified_corner:
               - 2527.507080078125
               - 2626.495361328125
            subpix_corner:
               - 2524.111083984375
