%YAML:1.0
---
format_version: outer_detection_cache_v2
absolute_image_path: "/Users/linzhaoxian/lzx-ws/project/calibr/tartancalib/image/dataset_4-22/right_record_20260421_140151/right_vimbax_camera_right_image_raw_000138_867876249700.png"
image_file_size: 6303430
image_mtime: 1776751381
detector_config_hash: a5f7c893e3a5f9e3
image_size:
   - 4512
   - 4512
requested_board_ids:
   - 1
   - 2
   - 3
   - 4
   - 5
detections:
   -
      success: 1
      board_id: 1
      detected_tag_id: 1
      original_longest_side: 4512
      chosen_scale_longest_side: 2256
      chosen_scale_factor: 0.5
      scale_configuration_mode: fixed_schedule
      used_corner_fusion: 1
      hamming: 0
      good: 1
      attempted_local_patch_rescue: 0
      used_local_patch_rescue: 0
      local_patch_rescue_summary: ""
      quality: 0.95101831661726521
      failure_reason: 0
      failure_reason_text: None
      coarse_corners_scaled_image:
         -
            - 702.28515625
            - 1316.8980712890625
         -
            - 1004.5751342773438
            - 1336.3685302734375
         -
            - 1018.8460693359375
            - 1021.5279541015625
         -
            - 719.51568603515625
            - 1006.12158203125
      coarse_corners_original_image:
         -
            - 1404.5703125
            - 2633.796142578125
         -
            - 2009.1502685546875
            - 2672.737060546875
         -
            - 2037.692138671875
            - 2043.055908203125
         -
            - 1439.0313720703125
            - 2012.2431640625
      refined_corners_original_image:
         -
            - 1414.372802734375
            - 2630.691162109375
         -
            - 2015.1722412109375
            - 2669.856689453125
         -
            - 2038.707275390625
            - 2045.564453125
         -
            - 1447.20703125
            - 2017.6363525390625
      refined_valid:
         - 1
         - 1
         - 1
         - 1
      successful_scale_longest_sides:
         - 2256
         - 1289
         - 1003
         - 752
         - 564
         - 376
      corner_verification_debug:
         -
            corner_index: 0
            coarse_corner:
               - 1404.5703125
               - 2633.796142578125
            verified_corner:
               - 1404.5703125
               - 2633.796142578125
            subpix_corner:
               - 1414.372802734375
               - 2630.691162109375
            verification_roi:
               - 1374
               - 2603
               - 62
               - 62
            prev_edge_direction:
               - 0.055358458310365677
               - -0.99846655130386353
            next_edge_direction:
               - 0.9979320764541626
               - 0.06427668035030365
            prev_marker_support_points:
               -
                  - 1410.0733642578125
                  - 2606.796875
               -
                  - 1408.7197265625
                  - 2595.083740234375
               -
                  - 1409.363037109375
                  - 2583.4814453125
               -
                  - 1409.0078125
                  - 2571.823974609375
               -
                  - 1409.6510009765625
                  - 2560.2216796875
               -
                  - 1409.2958984375
                  - 2548.56396484375
               -
                  - 1409.939208984375
                  - 2536.96142578125
               -
                  - 1409.583984375
                  - 2525.3037109375
               -
                  - 1409.228759765625
                  - 2513.646240234375
               -
                  - 1408.8736572265625
                  - 2501.988525390625
               -
                  - 1409.516845703125
                  - 2490.38623046875
               -
                  - 1409.16162109375
                  - 2478.728515625
               -
                  - 1409.804931640625
                  - 2467.126220703125
               -
                  - 1409.44970703125
                  - 2455.468505859375
               -
                  - 1411.0914306640625
                  - 2443.921630859375
               -
                  - 1411.7347412109375
                  - 2432.319091796875
            next_marker_support_points:
               -
                  - 1431.96923828125
                  - 2632.5546875
               -
                  - 1443.1904296875
                  - 2634.279541015625
               -
                  - 1454.4759521484375
                  - 2635.00634765625
               -
                  - 1465.761474609375
                  - 2635.7333984375
               -
                  - 1476.982666015625
                  - 2637.4580078125
               -
                  - 1488.2681884765625
                  - 2638.184814453125
               -
                  - 1499.5537109375
                  - 2638.911865234375
               -
                  - 1510.77490234375
                  - 2640.63671875
               -
                  - 1522.060302734375
                  - 2641.36376953125
               -
                  - 1533.3458251953125
                  - 2642.090576171875
               -
                  - 1544.5670166015625
                  - 2643.8154296875
               -
                  - 1555.8525390625
                  - 2644.54248046875
               -
                  - 1567.137939453125
                  - 2645.269287109375
               -
                  - 1578.4234619140625
                  - 2645.99609375
               -
                  - 1589.708984375
                  - 2646.72314453125
               -
                  - 1600.9945068359375
                  - 2647.449951171875
            prev_branch_points:
               []
            next_branch_points:
               []
            local_scale: 605.832763671875
            verification_roi_radius: 30
            candidate_radius: 0
            branch_search_radius: 0
            direction_consistency_score: 1.
            local_layout_score: 1.
            verification_quality: 1.
            coarse_to_verified_displacement: 0.
            coarse_to_subpix_displacement: 10.282495498657227
            coarse_to_refined_displacement: 10.282495498657227
            corner_marker_width: 151.45819091796875
            image_line_corner:
               - 0.
               - 0.
            prev_image_line_residual: 0.
            next_image_line_residual: 0.
            prev_image_line_support_count: 0
            next_image_line_support_count: 0
            image_line_valid: 0
            line_refinement_success: 1
            line_refinement_quality: 0.54870162722088944
            line_jump: 5.2151308059692383
            line_jump_limit: 0.
            line_inside: 1
            line_seed_gap: 5.2151308059692383
            line_seed_accepted: 1
            spherical_corner:
               - 1404.5703125
               - 2633.796142578125
            prev_spherical_curve_points:
               []
            next_spherical_curve_points:
               []
            prev_spherical_residual: 0.
            next_spherical_residual: 0.
            prev_spherical_support_count: 0
            next_spherical_support_count: 0
            spherical_refinement_valid: 0
            spherical_refinement_applied: 0
            spherical_failure_reason: ""
            subpix_window_radius: 23
            refine_displacement_limit: 0.
            refined_valid: 1
            verification_passed: 1
            subpix_applied: 1
            failure_reason: cs_only
         -
            corner_index: 1
            coarse_corner:
               - 2009.1502685546875
               - 2672.737060546875
            verified_corner:
               - 2009.1502685546875
               - 2672.737060546875
            subpix_corner:
               - 2015.1722412109375
               - 2669.856689453125
