%YAML:1.0
---
format_version: outer_detection_cache_v2
absolute_image_path: "/Users/linzhaoxian/lzx-ws/project/calibr/tartancalib/image/dataset_4-22/right_record_20260421_140151/right_vimbax_camera_right_image_raw_000124_861143008800.png"
image_file_size: 6284278
image_mtime: 1776751374
detector_config_hash: a5f7c893e3a5f9e3
image_size:
   - 4512
   - 4512
requested_board_ids:
   - 1
   - 2
   - 3
   - 4
   - 5
detections:
   -
      success: 1
      board_id: 1
      detected_tag_id: 1
      original_longest_side: 4512
      chosen_scale_longest_side: 376
      chosen_scale_factor: 0.083333333333333329
      scale_configuration_mode: fixed_schedule
      used_corner_fusion: 1
      hamming: 0
      good: 1
      attempted_local_patch_rescue: 0
      used_local_patch_rescue: 0
      local_patch_rescue_summary: ""
      quality: 0.95532500884613558
      failure_reason: 0
      failure_reason_text: None
      coarse_corners_scaled_image:
         -
            - 190.52595520019531
            - 214.07725524902344
         -
            - 246.41693115234375
            - 216.514892578125
         -
            - 247.13067626953125
            - 159.00434875488281
         -
            - 192.06654357910156
            - 159.15336608886719
      coarse_corners_original_image:
         -
            - 2286.3115234375
            - 2568.927001953125
         -
            - 2957.003173828125
            - 2598.1787109375
         -
            - 2965.568115234375
            - 1908.0521240234375
         -
            - 2304.798583984375
            - 1909.84033203125
      refined_corners_original_image:
         -
            - 2290.274658203125
            - 2568.1591796875
         -
            - 2951.764892578125
            - 2594.63134765625
         -
            - 2959.5537109375
            - 1916.73046875
         -
            - 2308.9716796875
            - 1915.0438232421875
      refined_valid:
         - 1
         - 1
         - 1
         - 1
      successful_scale_longest_sides:
         - 1805
         - 1289
         - 1003
         - 752
         - 564
         - 376
      corner_verification_debug:
         -
            corner_index: 0
            coarse_corner:
               - 2286.3115234375
               - 2568.927001953125
            verified_corner:
               - 2286.3115234375
               - 2568.927001953125
            subpix_corner:
               - 2290.274658203125
               - 2568.1591796875
            verification_roi:
               - 2253
               - 2535
               - 68
               - 68
            prev_edge_direction:
               - 0.028038486838340759
               - -0.99960684776306152
            next_edge_direction:
               - 0.99905025959014893
               - 0.043572820723056793
            prev_marker_support_points:
               -
                  - 2287.243408203125
                  - 2539.270751953125
               -
                  - 2288.588134765625
                  - 2526.995849609375
               -
                  - 2288.933349609375
                  - 2514.69287109375
               -
                  - 2289.2783203125
                  - 2502.39013671875
               -
                  - 2288.623779296875
                  - 2490.05908203125
               -
                  - 2287.96923828125
                  - 2477.728271484375
               -
                  - 2296.311279296875
                  - 2465.6494140625
               -
                  - 2291.658203125
                  - 2453.206298828125
               -
                  - 2291.00390625
                  - 2440.875244140625
               -
                  - 2298.34619140625
                  - 2428.7685546875
               -
                  - 2296.69189453125
                  - 2416.40966796875
               -
                  - 2299.036376953125
                  - 2404.16259765625
               -
                  - 2299.38134765625
                  - 2391.85986328125
               -
                  - 2298.726806640625
                  - 2379.52880859375
               -
                  - 2294.07373046875
                  - 2367.085693359375
               -
                  - 2299.4169921875
                  - 2354.9228515625
            next_marker_support_points:
               -
                  - 2316.132568359375
                  - 2566.12353515625
               -
                  - 2328.56494140625
                  - 2568.66796875
               -
                  - 2341.041015625
                  - 2570.213134765625
               -
                  - 2353.560546875
                  - 2570.759033203125
               -
                  - 2366.080078125
                  - 2571.30517578125
               -
                  - 2378.599609375
                  - 2571.85107421875
               -
                  - 2391.162841796875
                  - 2571.398193359375
               -
                  - 2403.638916015625
                  - 2572.943115234375
               -
                  - 2416.158447265625
                  - 2573.4892578125
               -
                  - 2428.634521484375
                  - 2575.0341796875
               -
                  - 2441.197509765625
                  - 2574.581298828125
               -
                  - 2453.6298828125
                  - 2577.125244140625
               -
                  - 2466.236572265625
                  - 2575.67333984375
               -
                  - 2478.625732421875
                  - 2579.216552734375
               -
                  - 2491.232421875
                  - 2577.764404296875
               -
                  - 2503.708251953125
                  - 2579.3095703125
            prev_branch_points:
               []
            next_branch_points:
               []
            local_scale: 659.34588623046875
            verification_roi_radius: 33
            candidate_radius: 0
            branch_search_radius: 0
            direction_consistency_score: 1.
            local_layout_score: 1.
            verification_quality: 1.
            coarse_to_verified_displacement: 0.
            coarse_to_subpix_displacement: 4.0368289947509766
            coarse_to_refined_displacement: 4.0368289947509766
            corner_marker_width: 164.83647155761719
            image_line_corner:
               - 0.
               - 0.
            prev_image_line_residual: 0.
            next_image_line_residual: 0.
            prev_image_line_support_count: 0
            next_image_line_support_count: 0
            image_line_valid: 0
            line_refinement_success: 0
            line_refinement_quality: 0.
            line_jump: 3438.9833984375
            line_jump_limit: 0.
            line_inside: 0
            line_seed_gap: 3438.9833984375
            line_seed_accepted: 0
            spherical_corner:
               - 2286.3115234375
               - 2568.927001953125
            prev_spherical_curve_points:
               []
            next_spherical_curve_points:
               []
            prev_spherical_residual: 0.
            next_spherical_residual: 0.
            prev_spherical_support_count: 0
            next_spherical_support_count: 0
            spherical_refinement_valid: 0
            spherical_refinement_applied: 0
            spherical_failure_reason: ""
            subpix_window_radius: 25
            refine_displacement_limit: 0.
            refined_valid: 1
            verification_passed: 1
            subpix_applied: 1
            failure_reason: cs_only
         -
            corner_index: 1
            coarse_corner:
               - 2957.003173828125
               - 2598.1787109375
            verified_corner:
               - 2957.003173828125
               - 2598.1787109375
            subpix_corner:
               - 2951.764892578125
               - 2594.63134765625
