%YAML:1.0
---
format_version: outer_detection_cache_v2
absolute_image_path: "/Users/linzhaoxian/lzx-ws/project/calibr/tartancalib/image/dataset_4-22/right_record_20260421_140151/right_vimbax_camera_right_image_raw_000167_881823677200.png"
image_file_size: 6368996
image_mtime: 1776751395
detector_config_hash: a5f7c893e3a5f9e3
image_size:
   - 4512
   - 4512
requested_board_ids:
   - 1
   - 2
   - 3
   - 4
   - 5
detections:
   -
      success: 1
      board_id: 1
      detected_tag_id: 1
      original_longest_side: 4512
      chosen_scale_longest_side: 1805
      chosen_scale_factor: 0.40004432624113473
      scale_configuration_mode: fixed_schedule
      used_corner_fusion: 1
      hamming: 0
      good: 1
      attempted_local_patch_rescue: 0
      used_local_patch_rescue: 0
      local_patch_rescue_summary: ""
      quality: 0.973194370695873
      failure_reason: 0
      failure_reason_text: None
      coarse_corners_scaled_image:
         -
            - 636.76519775390625
            - 1001.5792236328125
         -
            - 894.4271240234375
            - 1013.5027465820312
         -
            - 904.887451171875
            - 751.001953125
         -
            - 649.3275146484375
            - 743.601806640625
      coarse_corners_original_image:
         -
            - 1591.736572265625
            - 2503.670654296875
         -
            - 2235.820068359375
            - 2533.47607421875
         -
            - 2261.968017578125
            - 1877.296875
         -
            - 1623.138916015625
            - 1858.798583984375
      refined_corners_original_image:
         -
            - 1609.61669921875
            - 2501.334716796875
         -
            - 2246.653076171875
            - 2530.29345703125
         -
            - 2270.55517578125
            - 1881.584716796875
         -
            - 1637.832275390625
            - 1864.06005859375
      refined_valid:
         - 1
         - 1
         - 1
         - 1
      successful_scale_longest_sides:
         - 1805
         - 1289
         - 1003
         - 752
         - 564
         - 376
      corner_verification_debug:
         -
            corner_index: 0
            coarse_corner:
               - 1591.736572265625
               - 2503.670654296875
            verified_corner:
               - 1591.736572265625
               - 2503.670654296875
            subpix_corner:
               - 1609.61669921875
               - 2501.334716796875
            verification_roi:
               - 1559
               - 2471
               - 66
               - 66
            prev_edge_direction:
               - 0.048637833446264267
               - -0.99881649017333984
            next_edge_direction:
               - 0.99893099069595337
               - 0.046226240694522858
            prev_marker_support_points:
               -
                  - 1600.5390625
                  - 2475.050048828125
               -
                  - 1601.125244140625
                  - 2463.012451171875
               -
                  - 1599.7137451171875
                  - 2450.877685546875
               -
                  - 1599.3011474609375
                  - 2438.79150390625
               -
                  - 1600.8861083984375
                  - 2426.802490234375
               -
                  - 1601.47216796875
                  - 2414.764892578125
               -
                  - 1598.0631103515625
                  - 2402.53271484375
               -
                  - 1598.6492919921875
                  - 2390.4951171875
               -
                  - 1600.234375
                  - 2378.506103515625
               -
                  - 1599.8216552734375
                  - 2366.419921875
               -
                  - 1600.4078369140625
                  - 2354.38232421875
               -
                  - 1599.9952392578125
                  - 2342.2958984375
               -
                  - 1599.5826416015625
                  - 2330.20947265625
               -
                  - 1600.1688232421875
                  - 2318.171875
               -
                  - 1600.7550048828125
                  - 2306.13427734375
               -
                  - 1603.3387451171875
                  - 2294.194091796875
            next_marker_support_points:
               -
                  - 1620.8775634765625
                  - 2501.615478515625
               -
                  - 1632.946533203125
                  - 2501.173095703125
               -
                  - 1644.92333984375
                  - 2502.728271484375
               -
                  - 1656.9462890625
                  - 2503.284423828125
               -
                  - 1668.9691162109375
                  - 2503.8408203125
               -
                  - 1680.9920654296875
                  - 2504.397216796875
               -
                  - 1692.9686279296875
                  - 2505.95263671875
               -
                  - 1704.9915771484375
                  - 2506.509033203125
               -
                  - 1717.014404296875
                  - 2507.0654296875
               -
                  - 1728.9910888671875
                  - 2508.620849609375
               -
                  - 1741.0601806640625
                  - 2508.17822265625
               -
                  - 1753.036865234375
                  - 2509.7333984375
               -
                  - 1765.0596923828125
                  - 2510.289794921875
               -
                  - 1777.0826416015625
                  - 2510.84619140625
               -
                  - 1789.10546875
                  - 2511.402587890625
               -
                  - 1801.12841796875
                  - 2511.958984375
            prev_branch_points:
               []
            next_branch_points:
               []
            local_scale: 644.77276611328125
            verification_roi_radius: 32
            candidate_radius: 0
            branch_search_radius: 0
            direction_consistency_score: 1.
            local_layout_score: 1.
            verification_quality: 1.
            coarse_to_verified_displacement: 0.
            coarse_to_subpix_displacement: 18.032070159912109
            coarse_to_refined_displacement: 18.032070159912109
            corner_marker_width: 161.19319152832031
            image_line_corner:
               - 0.
               - 0.
            prev_image_line_residual: 0.
            next_image_line_residual: 0.
            prev_image_line_support_count: 0
            next_image_line_support_count: 0
            image_line_valid: 0
            line_refinement_success: 1
            line_refinement_quality: 0.75077874774410813
            line_jump: 9.0402517318725586
            line_jump_limit: 0.
            line_inside: 1
            line_seed_gap: 9.0402517318725586
            line_seed_accepted: 1
            spherical_corner:
               - 1591.736572265625
               - 2503.670654296875
            prev_spherical_curve_points:
               []
            next_spherical_curve_points:
               []
            prev_spherical_residual: 0.
            next_spherical_residual: 0.
            prev_spherical_support_count: 0
            next_spherical_support_count: 0
            spherical_refinement_valid: 0
            spherical_refinement_applied: 0
            spherical_failure_reason: ""
            subpix_window_radius: 24
            refine_displacement_limit: 0.
            refined_valid: 1
            verification_passed: 1
            subpix_applied: 1
            failure_reason: cs_only
         -
            corner_index: 1
            coarse_corner:
               - 2235.820068359375
               - 2533.47607421875
            verified_corner:
               - 2235.820068359375
               - 2533.47607421875
            subpix_corner:
               - 2246.653076171875
