%YAML:1.0
---
format_version: outer_detection_cache_v2
absolute_image_path: "/Users/linzhaoxian/lzx-ws/project/calibr/tartancalib/image/dataset_4-22/right_record_20260421_140151/right_vimbax_camera_right_image_raw_000106_852485984800.png"
image_file_size: 6491856
image_mtime: 1776751365
detector_config_hash: a5f7c893e3a5f9e3
image_size:
   - 4512
   - 4512
requested_board_ids:
   - 1
   - 2
   - 3
   - 4
   - 5
detections:
   -
      success: 1
      board_id: 1
      detected_tag_id: 1
      original_longest_side: 4512
      chosen_scale_longest_side: 1805
      chosen_scale_factor: 0.40004432624113473
      scale_configuration_mode: fixed_schedule
      used_corner_fusion: 1
      hamming: 0
      good: 1
      attempted_local_patch_rescue: 0
      used_local_patch_rescue: 0
      local_patch_rescue_summary: ""
      quality: 0.96111574540124434
      failure_reason: 0
      failure_reason_text: None
      coarse_corners_scaled_image:
         -
            - 880.0306396484375
            - 1008.3873901367188
         -
            - 1152.023193359375
            - 1021.4879760742188
         -
            - 1157.3848876953125
            - 743.42608642578125
         -
            - 887.94635009765625
            - 741.20526123046875
      coarse_corners_original_image:
         -
            - 2199.832763671875
            - 2520.689208984375
         -
            - 2879.73876953125
            - 2553.43701171875
         -
            - 2893.1416015625
            - 1858.3592529296875
         -
            - 2219.619873046875
            - 1852.807861328125
      refined_corners_original_image:
         -
            - 2201.4296875
            - 2518.52587890625
         -
            - 2871.962646484375
            - 2550.0341796875
         -
            - 2884.457275390625
            - 1864.65380859375
         -
            - 2220.714599609375
            - 1858.89453125
      refined_valid:
         - 1
         - 1
         - 1
         - 1
      successful_scale_longest_sides:
         - 1805
         - 1289
         - 1003
         - 752
         - 564
         - 376
      corner_verification_debug:
         -
            corner_index: 0
            coarse_corner:
               - 2199.832763671875
               - 2520.689208984375
            verified_corner:
               - 2199.832763671875
               - 2520.689208984375
            subpix_corner:
               - 2201.4296875
               - 2518.52587890625
            verification_roi:
               - 2166
               - 2487
               - 68
               - 68
            prev_edge_direction:
               - 0.029613690450787544
               - -0.99956142902374268
            next_edge_direction:
               - 0.99884206056594849
               - 0.048109419643878937
            prev_marker_support_points:
               -
                  - 2201.82275390625
                  - 2490.6669921875
               -
                  - 2202.192138671875
                  - 2478.199951171875
               -
                  - 2201.561767578125
                  - 2465.703125
               -
                  - 2202.930908203125
                  - 2453.265625
               -
                  - 2202.300537109375
                  - 2440.76904296875
               -
                  - 2203.669677734375
                  - 2428.33154296875
               -
                  - 2203.039306640625
                  - 2415.834716796875
               -
                  - 2203.408447265625
                  - 2403.36767578125
               -
                  - 2203.77783203125
                  - 2390.900634765625
               -
                  - 2204.147216796875
                  - 2378.433349609375
               -
                  - 2203.51708984375
                  - 2365.936767578125
               -
                  - 2204.885986328125
                  - 2353.499267578125
               -
                  - 2205.25537109375
                  - 2341.031982421875
               -
                  - 2204.625244140625
                  - 2328.535400390625
               -
                  - 2204.99462890625
                  - 2316.068359375
               -
                  - 2205.364013671875
                  - 2303.60107421875
            next_marker_support_points:
               -
                  - 2230.06298828125
                  - 2518.04052734375
               -
                  - 2242.41796875
                  - 2525.643798828125
               -
                  - 2255.4462890625
                  - 2519.26318359375
               -
                  - 2268.1376953125
                  - 2519.87451171875
               -
                  - 2280.49267578125
                  - 2527.4775390625
               -
                  - 2293.472900390625
                  - 2522.095703125
               -
                  - 2305.82763671875
                  - 2529.698974609375
               -
                  - 2318.85595703125
                  - 2523.318359375
               -
                  - 2331.210693359375
                  - 2530.921630859375
               -
                  - 2343.90234375
                  - 2531.532958984375
               -
                  - 2356.882568359375
                  - 2526.151123046875
               -
                  - 2369.285400390625
                  - 2532.75537109375
               -
                  - 2381.928955078125
                  - 2534.365478515625
               -
                  - 2394.62060546875
                  - 2534.976806640625
               -
                  - 2407.31201171875
                  - 2535.588134765625
               -
                  - 2420.0517578125
                  - 2535.20068359375
            prev_branch_points:
               []
            next_branch_points:
               []
            local_scale: 668.17437744140625
            verification_roi_radius: 33
            candidate_radius: 0
            branch_search_radius: 0
            direction_consistency_score: 1.
            local_layout_score: 1.
            verification_quality: 1.
            coarse_to_verified_displacement: 0.
            coarse_to_subpix_displacement: 2.6888961791992188
            coarse_to_refined_displacement: 2.6888961791992188
            corner_marker_width: 167.04359436035156
            image_line_corner:
               - 0.
               - 0.
            prev_image_line_residual: 0.
            next_image_line_residual: 0.
            prev_image_line_support_count: 0
            next_image_line_support_count: 0
            image_line_valid: 0
            line_refinement_success: 0
            line_refinement_quality: 0.
            line_jump: 3345.61474609375
            line_jump_limit: 0.
            line_inside: 0
            line_seed_gap: 3345.61474609375
            line_seed_accepted: 0
            spherical_corner:
               - 2199.832763671875
               - 2520.689208984375
            prev_spherical_curve_points:
               []
            next_spherical_curve_points:
               []
            prev_spherical_residual: 0.
            next_spherical_residual: 0.
            prev_spherical_support_count: 0
            next_spherical_support_count: 0
            spherical_refinement_valid: 0
            spherical_refinement_applied: 0
            spherical_failure_reason: ""
            subpix_window_radius: 25
            refine_displacement_limit: 0.
            refined_valid: 1
            verification_passed: 1
            subpix_applied: 1
            failure_reason: cs_only
         -
            corner_index: 1
            coarse_corner:
               - 2879.73876953125
               - 2553.43701171875
            verified_corner:
               - 2879.73876953125
               - 2553.43701171875
            subpix_corner:
               - 2871.962646484375
               - 2550.0341796875
