%YAML:1.0
---
format_version: outer_detection_cache_v2
absolute_image_path: "/Users/linzhaoxian/lzx-ws/project/calibr/tartancalib/image/dataset_4-22/right_record_20260421_140151/right_vimbax_camera_right_image_raw_000076_838057611500.png"
image_file_size: 6522434
image_mtime: 1776751350
detector_config_hash: a5f7c893e3a5f9e3
image_size:
   - 4512
   - 4512
requested_board_ids:
   - 1
   - 2
   - 3
   - 4
   - 5
detections:
   -
      success: 1
      board_id: 1
      detected_tag_id: 1
      original_longest_side: 4512
      chosen_scale_longest_side: 2256
      chosen_scale_factor: 0.5
      scale_configuration_mode: fixed_schedule
      used_corner_fusion: 1
      hamming: 0
      good: 1
      attempted_local_patch_rescue: 0
      used_local_patch_rescue: 0
      local_patch_rescue_summary: ""
      quality: 0.94251694013336651
      failure_reason: 0
      failure_reason_text: None
      coarse_corners_scaled_image:
         -
            - 865.564208984375
            - 1310.357421875
         -
            - 1291.767578125
            - 1335.1783447265625
         -
            - 1301.3212890625
            - 899.02374267578125
         -
            - 886.39312744140625
            - 899.70361328125
      coarse_corners_original_image:
         -
            - 1731.12841796875
            - 2620.71484375
         -
            - 2583.53515625
            - 2670.356689453125
         -
            - 2602.642578125
            - 1798.0474853515625
         -
            - 1772.7862548828125
            - 1799.4072265625
      refined_corners_original_image:
         -
            - 1742.9256591796875
            - 2615.37060546875
         -
            - 2580.295654296875
            - 2664.259033203125
         -
            - 2599.293212890625
            - 1810.299560546875
         -
            - 1784.3280029296875
            - 1809.6004638671875
      refined_valid:
         - 1
         - 1
         - 1
         - 1
      successful_scale_longest_sides:
         - 2256
         - 1289
         - 1003
         - 752
         - 564
         - 376
      corner_verification_debug:
         -
            corner_index: 0
            coarse_corner:
               - 1731.12841796875
               - 2620.71484375
            verified_corner:
               - 1731.12841796875
               - 2620.71484375
            subpix_corner:
               - 1742.9256591796875
               - 2615.37060546875
            verification_roi:
               - 1690
               - 2579
               - 84
               - 84
            prev_edge_direction:
               - 0.050656240433454514
               - -0.99871617555618286
            next_edge_direction:
               - 0.99830853939056396
               - 0.058138769119977951
            prev_marker_support_points:
               -
                  - 1741.69189453125
                  - 2584.19677734375
               -
                  - 1741.470703125
                  - 2568.81494140625
               -
                  - 1741.2496337890625
                  - 2553.43310546875
               -
                  - 1742.0272216796875
                  - 2538.10205078125
               -
                  - 1740.8074951171875
                  - 2522.669677734375
               -
                  - 1741.5850830078125
                  - 2507.338623046875
               -
                  - 1741.3638916015625
                  - 2491.95703125
               -
                  - 1741.142822265625
                  - 2476.5751953125
               -
                  - 1741.92041015625
                  - 2461.244140625
               -
                  - 1741.699462890625
                  - 2445.862548828125
               -
                  - 1741.478271484375
                  - 2430.480712890625
               -
                  - 1742.255859375
                  - 2415.149658203125
               -
                  - 1743.033447265625
                  - 2399.818603515625
               -
                  - 1742.8123779296875
                  - 2384.436767578125
               -
                  - 1743.590087890625
                  - 2369.105712890625
               -
                  - 1743.368896484375
                  - 2353.723876953125
            next_marker_support_points:
               -
                  - 1768.2872314453125
                  - 2619.172607421875
               -
                  - 1784.1988525390625
                  - 2620.09912109375
               -
                  - 1800.1104736328125
                  - 2621.02587890625
               -
                  - 1815.9639892578125
                  - 2622.950927734375
               -
                  - 1831.8173828125
                  - 2624.8759765625
               -
                  - 1847.6707763671875
                  - 2626.80078125
               -
                  - 1863.5242919921875
                  - 2628.725830078125
               -
                  - 1879.4359130859375
                  - 2629.65234375
               -
                  - 1895.289306640625
                  - 2631.577392578125
               -
                  - 1911.200927734375
                  - 2632.504150390625
               -
                  - 1927.054443359375
                  - 2634.428955078125
               -
                  - 1942.966064453125
                  - 2635.355712890625
               -
                  - 1958.8193359375
                  - 2637.280517578125
               -
                  - 1974.73095703125
                  - 2638.207275390625
               -
                  - 1990.642578125
                  - 2639.1337890625
               -
                  - 2006.55419921875
                  - 2640.060546875
            prev_branch_points:
               []
            next_branch_points:
               []
            local_scale: 822.3634033203125
            verification_roi_radius: 41
            candidate_radius: 0
            branch_search_radius: 0
            direction_consistency_score: 1.
            local_layout_score: 1.
            verification_quality: 1.
            coarse_to_verified_displacement: 0.
            coarse_to_subpix_displacement: 12.951285362243652
            coarse_to_refined_displacement: 12.951285362243652
            corner_marker_width: 205.59085083007812
            image_line_corner:
               - 0.
               - 0.
            prev_image_line_residual: 0.
            next_image_line_residual: 0.
            prev_image_line_support_count: 0
            next_image_line_support_count: 0
            image_line_valid: 0
            line_refinement_success: 1
            line_refinement_quality: 0.77232816192586218
            line_jump: 10.870944976806641
            line_jump_limit: 0.
            line_inside: 1
            line_seed_gap: 10.870944976806641
            line_seed_accepted: 1
            spherical_corner:
               - 1731.12841796875
               - 2620.71484375
            prev_spherical_curve_points:
               []
            next_spherical_curve_points:
               []
            prev_spherical_residual: 0.
            next_spherical_residual: 0.
            prev_spherical_support_count: 0
            next_spherical_support_count: 0
            spherical_refinement_valid: 0
            spherical_refinement_applied: 0
            spherical_failure_reason: ""
            subpix_window_radius: 31
            refine_displacement_limit: 0.
            refined_valid: 1
            verification_passed: 1
            subpix_applied: 1
            failure_reason: cs_only
         -
            corner_index: 1
            coarse_corner:
               - 2583.53515625
               - 2670.356689453125
            verified_corner:
               - 2583.53515625
               - 2670.356689453125
            subpix_corner:
               - 2580.295654296875
               - 2664.259033203125
