%YAML:1.0
---
format_version: outer_detection_cache_v2
absolute_image_path: "/Users/linzhaoxian/lzx-ws/project/calibr/tartancalib/image/dataset_4-22/right_record_20260421_140151/right_vimbax_camera_right_image_raw_000065_832767207900.png"
image_file_size: 6405216
image_mtime: 1776751345
detector_config_hash: a5f7c893e3a5f9e3
image_size:
   - 4512
   - 4512
requested_board_ids:
   - 1
   - 2
   - 3
   - 4
   - 5
detections:
   -
      success: 1
      board_id: 1
      detected_tag_id: 1
      original_longest_side: 4512
      chosen_scale_longest_side: 2256
      chosen_scale_factor: 0.5
      scale_configuration_mode: fixed_schedule
      used_corner_fusion: 1
      hamming: 0
      good: 1
      attempted_local_patch_rescue: 0
      used_local_patch_rescue: 0
      local_patch_rescue_summary: ""
      quality: 0.94892119091542571
      failure_reason: 0
      failure_reason_text: None
      coarse_corners_scaled_image:
         -
            - 874.59295654296875
            - 1312.0684814453125
         -
            - 1300.618408203125
            - 1335.5198974609375
         -
            - 1307.8095703125
            - 903.32171630859375
         -
            - 894.66717529296875
            - 902.3812255859375
      coarse_corners_original_image:
         -
            - 1749.1859130859375
            - 2624.136962890625
         -
            - 2601.23681640625
            - 2671.039794921875
         -
            - 2615.619140625
            - 1806.6434326171875
         -
            - 1789.3343505859375
            - 1804.762451171875
      refined_corners_original_image:
         -
            - 1761.2586669921875
            - 2618.353759765625
         -
            - 2594.612060546875
            - 2666.0234375
         -
            - 2610.426513671875
            - 1815.21630859375
         -
            - 1800.08984375
            - 1816.2333984375
      refined_valid:
         - 1
         - 1
         - 1
         - 1
      successful_scale_longest_sides:
         - 2256
         - 1289
         - 1003
         - 752
         - 564
         - 376
      corner_verification_debug:
         -
            corner_index: 0
            coarse_corner:
               - 1749.1859130859375
               - 2624.136962890625
            verified_corner:
               - 1749.1859130859375
               - 2624.136962890625
            subpix_corner:
               - 1761.2586669921875
               - 2618.353759765625
            verification_roi:
               - 1708
               - 2583
               - 84
               - 84
            prev_edge_direction:
               - 0.048940170556306839
               - -0.99880170822143555
            next_edge_direction:
               - 0.99848830699920654
               - 0.054963771253824234
            prev_marker_support_points:
               -
                  - 1754.6881103515625
                  - 2587.4462890625
               -
                  - 1755.4376220703125
                  - 2572.1513671875
               -
                  - 1754.189453125
                  - 2556.75830078125
               -
                  - 1753.9400634765625
                  - 2541.414306640625
               -
                  - 1755.6883544921875
                  - 2526.16845703125
               -
                  - 1757.4365234375
                  - 2510.922119140625
               -
                  - 1756.1884765625
                  - 2495.529296875
               -
                  - 1754.940185546875
                  - 2480.136474609375
               -
                  - 1754.6907958984375
                  - 2464.792724609375
               -
                  - 1754.4415283203125
                  - 2449.448486328125
               -
                  - 1755.19091796875
                  - 2434.153564453125
               -
                  - 1755.9404296875
                  - 2418.858642578125
               -
                  - 1755.6910400390625
                  - 2403.5146484375
               -
                  - 1757.439208984375
                  - 2388.2685546875
               -
                  - 1757.18994140625
                  - 2372.9248046875
               -
                  - 1756.9404296875
                  - 2357.5810546875
            next_marker_support_points:
               -
                  - 1786.4144287109375
                  - 2619.47607421875
               -
                  - 1802.2645263671875
                  - 2621.35009765625
               -
                  - 1818.1143798828125
                  - 2623.22412109375
               -
                  - 1834.019287109375
                  - 2624.099609375
               -
                  - 1849.869384765625
                  - 2625.9736328125
               -
                  - 1865.7193603515625
                  - 2627.847900390625
               -
                  - 1881.5692138671875
                  - 2629.7216796875
               -
                  - 1897.4742431640625
                  - 2630.59716796875
               -
                  - 1913.32421875
                  - 2632.47119140625
               -
                  - 1929.17431640625
                  - 2634.34521484375
               -
                  - 1945.0792236328125
                  - 2635.220703125
               -
                  - 1960.92919921875
                  - 2637.0947265625
               -
                  - 1976.834228515625
                  - 2637.970458984375
               -
                  - 1992.68408203125
                  - 2639.844482421875
               -
                  - 2008.589111328125
                  - 2640.719970703125
               -
                  - 2024.4940185546875
                  - 2641.595458984375
            prev_branch_points:
               []
            next_branch_points:
               []
            local_scale: 820.3575439453125
            verification_roi_radius: 41
            candidate_radius: 0
            branch_search_radius: 0
            direction_consistency_score: 1.
            local_layout_score: 1.
            verification_quality: 1.
            coarse_to_verified_displacement: 0.
            coarse_to_subpix_displacement: 13.386442184448242
            coarse_to_refined_displacement: 13.386442184448242
            corner_marker_width: 205.08938598632812
            image_line_corner:
               - 0.
               - 0.
            prev_image_line_residual: 0.
            next_image_line_residual: 0.
            prev_image_line_support_count: 0
            next_image_line_support_count: 0
            image_line_valid: 0
            line_refinement_success: 0
            line_refinement_quality: 0.
            line_jump: 3153.687744140625
            line_jump_limit: 0.
            line_inside: 0
            line_seed_gap: 3153.687744140625
            line_seed_accepted: 0
            spherical_corner:
               - 1749.1859130859375
               - 2624.136962890625
            prev_spherical_curve_points:
               []
            next_spherical_curve_points:
               []
            prev_spherical_residual: 0.
            next_spherical_residual: 0.
            prev_spherical_support_count: 0
            next_spherical_support_count: 0
            spherical_refinement_valid: 0
            spherical_refinement_applied: 0
            spherical_failure_reason: ""
            subpix_window_radius: 31
            refine_displacement_limit: 0.
            refined_valid: 1
            verification_passed: 1
            subpix_applied: 1
            failure_reason: cs_only
         -
            corner_index: 1
            coarse_corner:
               - 2601.23681640625
               - 2671.039794921875
            verified_corner:
               - 2601.23681640625
               - 2671.039794921875
            subpix_corner:
               - 2594.612060546875
               - 2666.0234375
