%YAML:1.0
---
format_version: outer_detection_cache_v2
absolute_image_path: "/Users/linzhaoxian/lzx-ws/project/calibr/tartancalib/image/dataset_4-22/right_record_20260421_140151/right_vimbax_camera_right_image_raw_000070_835171936800.png"
image_file_size: 6586318
image_mtime: 1776751347
detector_config_hash: a5f7c893e3a5f9e3
image_size:
   - 4512
   - 4512
requested_board_ids:
   - 1
   - 2
   - 3
   - 4
   - 5
detections:
   -
      success: 1
      board_id: 1
      detected_tag_id: 1
      original_longest_side: 4512
      chosen_scale_longest_side: 1805
      chosen_scale_factor: 0.40004432624113473
      scale_configuration_mode: fixed_schedule
      used_corner_fusion: 1
      hamming: 0
      good: 1
      attempted_local_patch_rescue: 0
      used_local_patch_rescue: 0
      local_patch_rescue_summary: ""
      quality: 0.94588909276508892
      failure_reason: 0
      failure_reason_text: None
      coarse_corners_scaled_image:
         -
            - 692.994140625
            - 1033.811279296875
         -
            - 1036.3359375
            - 1055.024658203125
         -
            - 1045.5941162109375
            - 705.99462890625
         -
            - 712.02593994140625
            - 704.10028076171875
      coarse_corners_original_image:
         -
            - 1732.29345703125
            - 2584.241943359375
         -
            - 2590.552734375
            - 2637.269287109375
         -
            - 2613.69580078125
            - 1764.791015625
         -
            - 1779.8675537109375
            - 1760.0556640625
      refined_corners_original_image:
         -
            - 1743.9620361328125
            - 2579.736572265625
         -
            - 2584.79345703125
            - 2631.888916015625
         -
            - 2607.31689453125
            - 1776.122314453125
         -
            - 1790.4884033203125
            - 1771.94482421875
      refined_valid:
         - 1
         - 1
         - 1
         - 1
      successful_scale_longest_sides:
         - 1805
         - 1289
         - 1003
         - 752
         - 564
         - 376
      corner_verification_debug:
         -
            corner_index: 0
            coarse_corner:
               - 1732.29345703125
               - 2584.241943359375
            verified_corner:
               - 1732.29345703125
               - 2584.241943359375
            subpix_corner:
               - 1743.9620361328125
               - 2579.736572265625
            verification_roi:
               - 1691
               - 2543
               - 84
               - 84
            prev_edge_direction:
               - 0.057626582682132721
               - -0.99833822250366211
            next_edge_direction:
               - 0.998096764087677
               - 0.061667166650295258
            prev_marker_support_points:
               -
                  - 1743.119873046875
                  - 2547.655029296875
               -
                  - 1744.0079345703125
                  - 2532.270263671875
               -
                  - 1743.897705078125
                  - 2516.82763671875
               -
                  - 1743.7872314453125
                  - 2501.385009765625
               -
                  - 1743.677001953125
                  - 2485.942626953125
               -
                  - 1743.566650390625
                  - 2470.500244140625
               -
                  - 1743.4564208984375
                  - 2455.057861328125
               -
                  - 1744.344482421875
                  - 2439.673095703125
               -
                  - 1744.2342529296875
                  - 2424.230712890625
               -
                  - 1745.122314453125
                  - 2408.845703125
               -
                  - 1745.011962890625
                  - 2393.4033203125
               -
                  - 1745.9000244140625
                  - 2378.0185546875
               -
                  - 1745.789794921875
                  - 2362.576171875
               -
                  - 1746.677734375
                  - 2347.19140625
               -
                  - 1746.5673828125
                  - 2331.748779296875
               -
                  - 1747.4554443359375
                  - 2316.364013671875
            next_marker_support_points:
               -
                  - 1769.60107421875
                  - 2582.840087890625
               -
                  - 1785.5601806640625
                  - 2584.827880859375
               -
                  - 1801.5810546875
                  - 2585.81787109375
               -
                  - 1817.540283203125
                  - 2587.8056640625
               -
                  - 1833.4993896484375
                  - 2589.79345703125
               -
                  - 1849.520263671875
                  - 2590.783447265625
               -
                  - 1865.4793701171875
                  - 2592.771240234375
               -
                  - 1881.500244140625
                  - 2593.76123046875
               -
                  - 1897.4593505859375
                  - 2595.749267578125
               -
                  - 1913.480224609375
                  - 2596.739013671875
               -
                  - 1929.439453125
                  - 2598.72705078125
               -
                  - 1945.460205078125
                  - 2599.716796875
               -
                  - 1961.4810791015625
                  - 2600.706787109375
               -
                  - 1977.4403076171875
                  - 2602.694580078125
               -
                  - 1993.4610595703125
                  - 2603.684326171875
               -
                  - 2009.4202880859375
                  - 2605.67236328125
            prev_branch_points:
               []
            next_branch_points:
               []
            local_scale: 825.55816650390625
            verification_roi_radius: 41
            candidate_radius: 0
            branch_search_radius: 0
            direction_consistency_score: 1.
            local_layout_score: 1.
            verification_quality: 1.
            coarse_to_verified_displacement: 0.
            coarse_to_subpix_displacement: 12.508161544799805
            coarse_to_refined_displacement: 12.508161544799805
            corner_marker_width: 206.38954162597656
            image_line_corner:
               - 0.
               - 0.
            prev_image_line_residual: 0.
            next_image_line_residual: 0.
            prev_image_line_support_count: 0
            next_image_line_support_count: 0
            image_line_valid: 0
            line_refinement_success: 1
            line_refinement_quality: 0.84503096859478166
            line_jump: 11.696612358093262
            line_jump_limit: 0.
            line_inside: 1
            line_seed_gap: 11.696612358093262
            line_seed_accepted: 1
            spherical_corner:
               - 1732.29345703125
               - 2584.241943359375
            prev_spherical_curve_points:
               []
            next_spherical_curve_points:
               []
            prev_spherical_residual: 0.
            next_spherical_residual: 0.
            prev_spherical_support_count: 0
            next_spherical_support_count: 0
            spherical_refinement_valid: 0
            spherical_refinement_applied: 0
            spherical_failure_reason: ""
            subpix_window_radius: 31
            refine_displacement_limit: 0.
            refined_valid: 1
            verification_passed: 1
            subpix_applied: 1
            failure_reason: cs_only
         -
            corner_index: 1
            coarse_corner:
               - 2590.552734375
               - 2637.269287109375
            verified_corner:
               - 2590.552734375
               - 2637.269287109375
            subpix_corner:
               - 2584.79345703125
