%YAML:1.0
---
format_version: outer_detection_cache_v2
absolute_image_path: "/Users/linzhaoxian/lzx-ws/project/calibr/tartancalib/image/dataset_4-22/right_record_20260421_140151/right_vimbax_camera_right_image_raw_000113_855852605200.png"
image_file_size: 6571148
image_mtime: 1776751369
detector_config_hash: a5f7c893e3a5f9e3
image_size:
   - 4512
   - 4512
requested_board_ids:
   - 1
   - 2
   - 3
   - 4
   - 5
detections:
   -
      success: 1
      board_id: 1
      detected_tag_id: 1
      original_longest_side: 4512
      chosen_scale_longest_side: 1805
      chosen_scale_factor: 0.40004432624113473
      scale_configuration_mode: fixed_schedule
      used_corner_fusion: 1
      hamming: 0
      good: 1
      attempted_local_patch_rescue: 0
      used_local_patch_rescue: 0
      local_patch_rescue_summary: ""
      quality: 0.95805673918101963
      failure_reason: 0
      failure_reason_text: None
      coarse_corners_scaled_image:
         -
            - 920.89923095703125
            - 1015.873779296875
         -
            - 1193.367431640625
            - 1028.0096435546875
         -
            - 1196.353515625
            - 747.75567626953125
         -
            - 927.83935546875
            - 747.3642578125
      coarse_corners_original_image:
         -
            - 2301.992919921875
            - 2539.403076171875
         -
            - 2983.087890625
            - 2569.7392578125
         -
            - 2990.552490234375
            - 1869.1820068359375
         -
            - 2319.34130859375
            - 1868.20361328125
      refined_corners_original_image:
         -
            - 2303.227294921875
            - 2538.06201171875
         -
            - 2975.054931640625
            - 2567.693603515625
         -
            - 2982.706298828125
            - 1876.5556640625
         -
            - 2320.19873046875
            - 1874.719970703125
      refined_valid:
         - 1
         - 1
         - 1
         - 1
      successful_scale_longest_sides:
         - 1805
         - 1289
         - 1003
         - 752
         - 564
         - 376
      corner_verification_debug:
         -
            corner_index: 0
            coarse_corner:
               - 2301.992919921875
               - 2539.403076171875
            verified_corner:
               - 2301.992919921875
               - 2539.403076171875
            subpix_corner:
               - 2303.227294921875
               - 2538.06201171875
            verification_roi:
               - 2267
               - 2505
               - 70
               - 70
            prev_edge_direction:
               - 0.025838214904069901
               - -0.99966609477996826
            next_edge_direction:
               - 0.99900960922241211
               - 0.044496197253465652
            prev_marker_support_points:
               -
                  - 2303.573486328125
                  - 2509.219970703125
               -
                  - 2304.896728515625
                  - 2496.71630859375
               -
                  - 2305.220703125
                  - 2484.187255859375
               -
                  - 2305.54443359375
                  - 2471.658203125
               -
                  - 2305.8681640625
                  - 2459.129150390625
               -
                  - 2306.192138671875
                  - 2446.60009765625
               -
                  - 2306.515869140625
                  - 2434.071044921875
               -
                  - 2306.83984375
                  - 2421.5419921875
               -
                  - 2307.16357421875
                  - 2409.012939453125
               -
                  - 2307.487548828125
                  - 2396.48388671875
               -
                  - 2307.811279296875
                  - 2383.954833984375
               -
                  - 2308.135009765625
                  - 2371.42578125
               -
                  - 2308.458984375
                  - 2358.896728515625
               -
                  - 2308.78271484375
                  - 2346.36767578125
               -
                  - 2309.106689453125
                  - 2333.838623046875
               -
                  - 2309.430419921875
                  - 2321.3095703125
            next_marker_support_points:
               -
                  - 2332.168212890625
                  - 2540.947265625
               -
                  - 2344.83740234375
                  - 2542.512451171875
               -
                  - 2357.551025390625
                  - 2543.078857421875
               -
                  - 2370.264892578125
                  - 2543.64501953125
               -
                  - 2382.934326171875
                  - 2545.21044921875
               -
                  - 2395.64794921875
                  - 2545.776611328125
               -
                  - 2408.36181640625
                  - 2546.3427734375
               -
                  - 2421.03125
                  - 2547.908203125
               -
                  - 2433.789306640625
                  - 2547.475341796875
               -
                  - 2446.458740234375
                  - 2549.040771484375
               -
                  - 2459.17236328125
                  - 2549.60693359375
               -
                  - 2471.88623046875
                  - 2550.17333984375
               -
                  - 2484.5556640625
                  - 2551.738525390625
               -
                  - 2497.269287109375
                  - 2552.304931640625
               -
                  - 2510.027587890625
                  - 2551.8720703125
               -
                  - 2522.697021484375
                  - 2553.4375
            prev_branch_points:
               []
            next_branch_points:
               []
            local_scale: 671.42364501953125
            verification_roi_radius: 34
            candidate_radius: 0
            branch_search_radius: 0
            direction_consistency_score: 1.
            local_layout_score: 1.
            verification_quality: 1.
            coarse_to_verified_displacement: 0.
            coarse_to_subpix_displacement: 1.8226726055145264
            coarse_to_refined_displacement: 1.8226726055145264
            corner_marker_width: 167.85591125488281
            image_line_corner:
               - 0.
               - 0.
            prev_image_line_residual: 0.
            next_image_line_residual: 0.
            prev_image_line_support_count: 0
            next_image_line_support_count: 0
            image_line_valid: 0
            line_refinement_success: 1
            line_refinement_quality: 0.86167068414211923
            line_jump: 1.2918412685394287
            line_jump_limit: 0.
            line_inside: 1
            line_seed_gap: 1.2918412685394287
            line_seed_accepted: 1
            spherical_corner:
               - 2301.992919921875
               - 2539.403076171875
            prev_spherical_curve_points:
               []
            next_spherical_curve_points:
               []
            prev_spherical_residual: 0.
            next_spherical_residual: 0.
            prev_spherical_support_count: 0
            next_spherical_support_count: 0
            spherical_refinement_valid: 0
            spherical_refinement_applied: 0
            spherical_failure_reason: ""
            subpix_window_radius: 25
            refine_displacement_limit: 0.
            refined_valid: 1
            verification_passed: 1
            subpix_applied: 1
            failure_reason: cs_only
         -
            corner_index: 1
            coarse_corner:
               - 2983.087890625
               - 2569.7392578125
            verified_corner:
               - 2983.087890625
               - 2569.7392578125
            subpix_corner:
               - 2975.054931640625
               - 2567.693603515625
