%YAML:1.0
---
format_version: outer_detection_cache_v2
absolute_image_path: "/Users/linzhaoxian/lzx-ws/project/calibr/tartancalib/image/dataset_4-22/right_record_20260421_140151/right_vimbax_camera_right_image_raw_000061_830843424800.png"
image_file_size: 6472530
image_mtime: 1776751343
detector_config_hash: a5f7c893e3a5f9e3
image_size:
   - 4512
   - 4512
requested_board_ids:
   - 1
   - 2
   - 3
   - 4
   - 5
detections:
   -
      success: 1
      board_id: 1
      detected_tag_id: 1
      original_longest_side: 4512
      chosen_scale_longest_side: 1289
      chosen_scale_factor: 0.28568262411347517
      scale_configuration_mode: fixed_schedule
      used_corner_fusion: 1
      hamming: 0
      good: 1
      attempted_local_patch_rescue: 0
      used_local_patch_rescue: 0
      local_patch_rescue_summary: ""
      quality: 0.94200042536341022
      failure_reason: 0
      failure_reason_text: None
      coarse_corners_scaled_image:
         -
            - 508.50665283203125
            - 763.3475341796875
         -
            - 740.886474609375
            - 771.12060546875
         -
            - 740.4149169921875
            - 532.71337890625
         -
            - 512.64031982421875
            - 538.805419921875
      coarse_corners_original_image:
         -
            - 1779.9705810546875
            - 2672.012451171875
         -
            - 2593.39013671875
            - 2699.22119140625
         -
            - 2591.739501953125
            - 1864.7034912109375
         -
            - 1794.43994140625
            - 1886.028076171875
      refined_corners_original_image:
         -
            - 1789.957275390625
            - 2668.236083984375
         -
            - 2588.442626953125
            - 2694.492431640625
         -
            - 2586.23046875
            - 1875.2945556640625
         -
            - 1804.1197509765625
            - 1894.9140625
      refined_valid:
         - 1
         - 1
         - 1
         - 1
      successful_scale_longest_sides:
         - 1289
         - 1003
         - 752
         - 564
         - 376
      corner_verification_debug:
         -
            corner_index: 0
            coarse_corner:
               - 1779.9705810546875
               - 2672.012451171875
            verified_corner:
               - 1779.9705810546875
               - 2672.012451171875
            subpix_corner:
               - 1789.957275390625
               - 2668.236083984375
            verification_roi:
               - 1740
               - 2633
               - 80
               - 80
            prev_edge_direction:
               - 0.018406102433800697
               - -0.99983060359954834
            next_edge_direction:
               - 0.99944102764129639
               - 0.033431123942136765
            prev_marker_support_points:
               -
                  - 1786.920654296875
                  - 2636.759033203125
               -
                  - 1786.19091796875
                  - 2622.069091796875
               -
                  - 1786.4609375
                  - 2607.3974609375
               -
                  - 1785.7313232421875
                  - 2592.70703125
               -
                  - 1786.0013427734375
                  - 2578.035400390625
               -
                  - 1785.2716064453125
                  - 2563.345458984375
               -
                  - 1784.5418701171875
                  - 2548.655029296875
               -
                  - 1784.8118896484375
                  - 2533.9833984375
               -
                  - 1784.082275390625
                  - 2519.29345703125
               -
                  - 1783.3525390625
                  - 2504.603271484375
               -
                  - 1783.62255859375
                  - 2489.931640625
               -
                  - 1783.8927001953125
                  - 2475.260009765625
               -
                  - 1783.1629638671875
                  - 2460.56982421875
               -
                  - 1783.43310546875
                  - 2445.89794921875
               -
                  - 1783.7032470703125
                  - 2431.226318359375
               -
                  - 1782.973388671875
                  - 2416.536376953125
            next_marker_support_points:
               -
                  - 1815.3695068359375
                  - 2671.895751953125
               -
                  - 1830.5533447265625
                  - 2672.403564453125
               -
                  - 1845.7037353515625
                  - 2673.9111328125
               -
                  - 1860.8541259765625
                  - 2675.41845703125
               -
                  - 1876.0045166015625
                  - 2676.925537109375
               -
                  - 1891.1883544921875
                  - 2677.43359375
               -
                  - 1906.3388671875
                  - 2678.94091796875
               -
                  - 1921.4892578125
                  - 2680.4482421875
               -
                  - 1936.6396484375
                  - 2681.95556640625
               -
                  - 1951.823486328125
                  - 2682.46337890625
               -
                  - 1966.973876953125
                  - 2683.970947265625
               -
                  - 1982.124267578125
                  - 2685.478271484375
               -
                  - 1997.341552734375
                  - 2684.986572265625
               -
                  - 2012.491943359375
                  - 2686.494140625
               -
                  - 2027.642333984375
                  - 2688.00146484375
               -
                  - 2042.859619140625
                  - 2687.509765625
            prev_branch_points:
               []
            next_branch_points:
               []
            local_scale: 786.1175537109375
            verification_roi_radius: 39
            candidate_radius: 0
            branch_search_radius: 0
            direction_consistency_score: 1.
            local_layout_score: 1.
            verification_quality: 1.
            coarse_to_verified_displacement: 0.
            coarse_to_subpix_displacement: 10.676844596862793
            coarse_to_refined_displacement: 10.676844596862793
            corner_marker_width: 196.52938842773438
            image_line_corner:
               - 0.
               - 0.
            prev_image_line_residual: 0.
            next_image_line_residual: 0.
            prev_image_line_support_count: 0
            next_image_line_support_count: 0
            image_line_valid: 0
            line_refinement_success: 1
            line_refinement_quality: 0.80214514325687714
            line_jump: 7.9746394157409668
            line_jump_limit: 0.
            line_inside: 1
            line_seed_gap: 7.9746394157409668
            line_seed_accepted: 1
            spherical_corner:
               - 1779.9705810546875
               - 2672.012451171875
            prev_spherical_curve_points:
               []
            next_spherical_curve_points:
               []
            prev_spherical_residual: 0.
            next_spherical_residual: 0.
            prev_spherical_support_count: 0
            next_spherical_support_count: 0
            spherical_refinement_valid: 0
            spherical_refinement_applied: 0
            spherical_failure_reason: ""
            subpix_window_radius: 29
            refine_displacement_limit: 0.
            refined_valid: 1
            verification_passed: 1
            subpix_applied: 1
            failure_reason: cs_only
         -
            corner_index: 1
            coarse_corner:
               - 2593.39013671875
               - 2699.22119140625
            verified_corner:
               - 2593.39013671875
               - 2699.22119140625
            subpix_corner:
               - 2588.442626953125
