%YAML:1.0
---
format_version: outer_detection_cache_v2
absolute_image_path: "/Users/linzhaoxian/lzx-ws/project/calibr/tartancalib/image/dataset_4-22/right_record_20260421_140151/right_vimbax_camera_right_image_raw_000095_847195581200.png"
image_file_size: 6423119
image_mtime: 1776751360
detector_config_hash: a5f7c893e3a5f9e3
image_size:
   - 4512
   - 4512
requested_board_ids:
   - 1
   - 2
   - 3
   - 4
   - 5
detections:
   -
      success: 1
      board_id: 1
      detected_tag_id: 1
      original_longest_side: 4512
      chosen_scale_longest_side: 1805
      chosen_scale_factor: 0.40004432624113473
      scale_configuration_mode: fixed_schedule
      used_corner_fusion: 1
      hamming: 0
      good: 1
      attempted_local_patch_rescue: 0
      used_local_patch_rescue: 0
      local_patch_rescue_summary: ""
      quality: 0.95688449279632459
      failure_reason: 0
      failure_reason_text: None
      coarse_corners_scaled_image:
         -
            - 716.46612548828125
            - 1032.1142578125
         -
            - 1004.501953125
            - 1047.37646484375
         -
            - 1011.426513671875
            - 754.4420166015625
         -
            - 729.01959228515625
            - 752.0126953125
      coarse_corners_original_image:
         -
            - 1790.966796875
            - 2579.999755859375
         -
            - 2510.9765625
            - 2618.151123046875
         -
            - 2528.2861328125
            - 1885.89599609375
         -
            - 1822.3470458984375
            - 1879.8233642578125
      refined_corners_original_image:
         -
            - 1798.686767578125
            - 2577.7412109375
         -
            - 2505.79541015625
            - 2614.4130859375
         -
            - 2521.587890625
            - 1894.0738525390625
         -
            - 1830.0987548828125
            - 1885.62158203125
      refined_valid:
         - 1
         - 1
         - 1
         - 1
      successful_scale_longest_sides:
         - 1805
         - 1289
         - 1003
         - 752
         - 564
         - 376
      corner_verification_debug:
         -
            corner_index: 0
            coarse_corner:
               - 1790.966796875
               - 2579.999755859375
            verified_corner:
               - 1790.966796875
               - 2579.999755859375
            subpix_corner:
               - 1798.686767578125
               - 2577.7412109375
            verification_roi:
               - 1755
               - 2544
               - 72
               - 72
            prev_edge_direction:
               - 0.044772692024707794
               - -0.99899721145629883
            next_edge_direction:
               - 0.99859911203384399
               - 0.052913062274456024
            prev_marker_support_points:
               -
                  - 1796.8743896484375
                  - 2548.693115234375
               -
                  - 1797.460205078125
                  - 2535.623291015625
               -
                  - 1797.046875
                  - 2522.508544921875
               -
                  - 1797.6326904296875
                  - 2509.438720703125
               -
                  - 1797.2193603515625
                  - 2496.32373046875
               -
                  - 1797.80517578125
                  - 2483.25390625
               -
                  - 1797.39208984375
                  - 2470.13916015625
               -
                  - 1797.977783203125
                  - 2457.0693359375
               -
                  - 1798.5635986328125
                  - 2443.999267578125
               -
                  - 1798.1502685546875
                  - 2430.884765625
               -
                  - 1798.736083984375
                  - 2417.814697265625
               -
                  - 1799.32177734375
                  - 2404.74462890625
               -
                  - 1798.9085693359375
                  - 2391.6298828125
               -
                  - 1799.494384765625
                  - 2378.559814453125
               -
                  - 1800.080078125
                  - 2365.489990234375
               -
                  - 1799.6668701171875
                  - 2352.375244140625
            next_marker_support_points:
               -
                  - 1822.54150390625
                  - 2580.1708984375
               -
                  - 1835.981689453125
                  - 2580.883056640625
               -
                  - 1849.421875
                  - 2581.59521484375
               -
                  - 1862.8092041015625
                  - 2583.305908203125
               -
                  - 1876.1964111328125
                  - 2585.0166015625
               -
                  - 1889.6365966796875
                  - 2585.728759765625
               -
                  - 1903.02392578125
                  - 2587.439453125
               -
                  - 1916.5169677734375
                  - 2587.153076171875
               -
                  - 1929.904296875
                  - 2588.86376953125
               -
                  - 1943.29150390625
                  - 2590.57470703125
               -
                  - 1956.731689453125
                  - 2591.286865234375
               -
                  - 1970.171875
                  - 2591.9990234375
               -
                  - 1983.5592041015625
                  - 2593.709716796875
               -
                  - 1996.9993896484375
                  - 2594.421875
               -
                  - 2010.4395751953125
                  - 2595.134033203125
               -
                  - 2023.8797607421875
                  - 2595.84619140625
            prev_branch_points:
               []
            next_branch_points:
               []
            local_scale: 700.87921142578125
            verification_roi_radius: 35
            candidate_radius: 0
            branch_search_radius: 0
            direction_consistency_score: 1.
            local_layout_score: 1.
            verification_quality: 1.
            coarse_to_verified_displacement: 0.
            coarse_to_subpix_displacement: 8.0435667037963867
            coarse_to_refined_displacement: 8.0435667037963867
            corner_marker_width: 175.21980285644531
            image_line_corner:
               - 0.
               - 0.
            prev_image_line_residual: 0.
            next_image_line_residual: 0.
            prev_image_line_support_count: 0
            next_image_line_support_count: 0
            image_line_valid: 0
            line_refinement_success: 1
            line_refinement_quality: 0.7670702250974708
            line_jump: 5.9872369766235352
            line_jump_limit: 0.
            line_inside: 1
            line_seed_gap: 5.9872369766235352
            line_seed_accepted: 1
            spherical_corner:
               - 1790.966796875
               - 2579.999755859375
            prev_spherical_curve_points:
               []
            next_spherical_curve_points:
               []
            prev_spherical_residual: 0.
            next_spherical_residual: 0.
            prev_spherical_support_count: 0
            next_spherical_support_count: 0
            spherical_refinement_valid: 0
            spherical_refinement_applied: 0
            spherical_failure_reason: ""
            subpix_window_radius: 26
            refine_displacement_limit: 0.
            refined_valid: 1
            verification_passed: 1
            subpix_applied: 1
            failure_reason: cs_only
         -
            corner_index: 1
            coarse_corner:
               - 2510.9765625
               - 2618.151123046875
            verified_corner:
               - 2510.9765625
               - 2618.151123046875
            subpix_corner:
               - 2505.79541015625
               - 2614.4130859375
