%YAML:1.0
---
format_version: outer_detection_cache_v2
absolute_image_path: "/Users/linzhaoxian/lzx-ws/project/calibr/tartancalib/image/dataset_4-22/right_record_20260421_140151/right_vimbax_camera_right_image_raw_000052_826514912800.png"
image_file_size: 6499736
image_mtime: 1776751338
detector_config_hash: a5f7c893e3a5f9e3
image_size:
   - 4512
   - 4512
requested_board_ids:
   - 1
   - 2
   - 3
   - 4
   - 5
detections:
   -
      success: 1
      board_id: 1
      detected_tag_id: 1
      original_longest_side: 4512
      chosen_scale_longest_side: 3008
      chosen_scale_factor: 0.66666666666666663
      scale_configuration_mode: fixed_schedule
      used_corner_fusion: 1
      hamming: 0
      good: 1
      attempted_local_patch_rescue: 0
      used_local_patch_rescue: 0
      local_patch_rescue_summary: ""
      quality: 0.97300844532042574
      failure_reason: 0
      failure_reason_text: None
      coarse_corners_scaled_image:
         -
            - 1269.9893798828125
            - 1740.10693359375
         -
            - 1702.58154296875
            - 1757.4359130859375
         -
            - 1712.4329833984375
            - 1322.0858154296875
         -
            - 1284.11328125
            - 1316.6346435546875
      coarse_corners_original_image:
         -
            - 1904.984130859375
            - 2610.160400390625
         -
            - 2553.872314453125
            - 2636.15380859375
         -
            - 2568.6494140625
            - 1983.128662109375
         -
            - 1926.169921875
            - 1974.951904296875
      refined_corners_original_image:
         -
            - 1910.8955078125
            - 2607.816650390625
         -
            - 2550.815185546875
            - 2633.3349609375
         -
            - 2566.428466796875
            - 1988.2767333984375
         -
            - 1930.74072265625
            - 1979.648193359375
      refined_valid:
         - 1
         - 1
         - 1
         - 1
      successful_scale_longest_sides:
         - 3008
         - 2256
         - 1805
         - 1289
         - 1003
         - 752
         - 564
         - 376
      corner_verification_debug:
         -
            corner_index: 0
            coarse_corner:
               - 1904.984130859375
               - 2610.160400390625
            verified_corner:
               - 1904.984130859375
               - 2610.160400390625
            subpix_corner:
               - 1910.8955078125
               - 2607.816650390625
            verification_roi:
               - 1872
               - 2578
               - 66
               - 66
            prev_edge_direction:
               - 0.033333964645862579
               - -0.99944424629211426
            next_edge_direction:
               - 0.9991985559463501
               - 0.04002627357840538
            prev_marker_support_points:
               -
                  - 1909.3355712890625
                  - 2581.689208984375
               -
                  - 1909.7310791015625
                  - 2569.83203125
               -
                  - 1909.1270751953125
                  - 2557.941650390625
               -
                  - 1909.5225830078125
                  - 2546.08447265625
               -
                  - 1909.9180908203125
                  - 2534.227294921875
               -
                  - 1909.31396484375
                  - 2522.33642578125
               -
                  - 1909.70947265625
                  - 2510.479248046875
               -
                  - 1910.10498046875
                  - 2498.6220703125
               -
                  - 1909.5009765625
                  - 2486.731689453125
               -
                  - 1909.896484375
                  - 2474.87451171875
               -
                  - 1910.2919921875
                  - 2463.01708984375
               -
                  - 1910.6873779296875
                  - 2451.159912109375
               -
                  - 1911.0828857421875
                  - 2439.302734375
               -
                  - 1911.4783935546875
                  - 2427.445556640625
               -
                  - 1910.8743896484375
                  - 2415.554931640625
               -
                  - 1911.2698974609375
                  - 2403.697509765625
            next_marker_support_points:
               -
                  - 1933.6575927734375
                  - 2608.906982421875
               -
                  - 1945.7701416015625
                  - 2609.39208984375
               -
                  - 1957.8426513671875
                  - 2610.876708984375
               -
                  - 1969.9151611328125
                  - 2612.361083984375
               -
                  - 1982.02783203125
                  - 2612.846435546875
               -
                  - 1994.140380859375
                  - 2613.33154296875
               -
                  - 2006.2529296875
                  - 2613.816650390625
               -
                  - 2018.325439453125
                  - 2615.30126953125
               -
                  - 2030.4381103515625
                  - 2615.786376953125
               -
                  - 2042.5506591796875
                  - 2616.271728515625
               -
                  - 2054.663330078125
                  - 2616.7568359375
               -
                  - 2066.73583984375
                  - 2618.2412109375
               -
                  - 2078.848388671875
                  - 2618.726318359375
               -
                  - 2090.9609375
                  - 2619.21142578125
               -
                  - 2103.07373046875
                  - 2619.69677734375
               -
                  - 2115.186279296875
                  - 2620.181884765625
            prev_branch_points:
               []
            next_branch_points:
               []
            local_scale: 635.56170654296875
            verification_roi_radius: 32
            candidate_radius: 0
            branch_search_radius: 0
            direction_consistency_score: 1.
            local_layout_score: 1.
            verification_quality: 1.
            coarse_to_verified_displacement: 0.
            coarse_to_subpix_displacement: 6.3590517044067383
            coarse_to_refined_displacement: 6.3590517044067383
            corner_marker_width: 158.89042663574219
            image_line_corner:
               - 0.
               - 0.
            prev_image_line_residual: 0.
            next_image_line_residual: 0.
            prev_image_line_support_count: 0
            next_image_line_support_count: 0
            image_line_valid: 0
            line_refinement_success: 1
            line_refinement_quality: 0.81690973145452306
            line_jump: 4.4137015342712402
            line_jump_limit: 0.
            line_inside: 1
            line_seed_gap: 4.4137015342712402
            line_seed_accepted: 1
            spherical_corner:
               - 1904.984130859375
               - 2610.160400390625
            prev_spherical_curve_points:
               []
            next_spherical_curve_points:
               []
            prev_spherical_residual: 0.
            next_spherical_residual: 0.
            prev_spherical_support_count: 0
            next_spherical_support_count: 0
            spherical_refinement_valid: 0
            spherical_refinement_applied: 0
            spherical_failure_reason: ""
            subpix_window_radius: 24
            refine_displacement_limit: 0.
            refined_valid: 1
            verification_passed: 1
            subpix_applied: 1
            failure_reason: cs_only
         -
            corner_index: 1
            coarse_corner:
               - 2553.872314453125
               - 2636.15380859375
            verified_corner:
               - 2553.872314453125
               - 2636.15380859375
            subpix_corner:
