%YAML:1.0
---
format_version: outer_detection_cache_v2
absolute_image_path: "/Users/linzhaoxian/lzx-ws/project/calibr/tartancalib/image/dataset_4-22/right_record_20260421_140151/right_vimbax_camera_right_image_raw_000292_942903791100.png"
image_file_size: 6370195
image_mtime: 1776751458
detector_config_hash: a5f7c893e3a5f9e3
image_size:
   - 4512
   - 4512
requested_board_ids:
   - 1
   - 2
   - 3
   - 4
   - 5
detections:
   -
      success: 1
      board_id: 1
      detected_tag_id: 1
      original_longest_side: 4512
      chosen_scale_longest_side: 1805
      chosen_scale_factor: 0.40004432624113473
      scale_configuration_mode: fixed_schedule
      used_corner_fusion: 1
      hamming: 0
      good: 1
      attempted_local_patch_rescue: 0
      used_local_patch_rescue: 0
      local_patch_rescue_summary: ""
      quality: 0.99190590892547514
      failure_reason: 0
      failure_reason_text: None
      coarse_corners_scaled_image:
         -
            - 713.8388671875
            - 1057.3988037109375
         -
            - 937.68951416015625
            - 1069.6959228515625
         -
            - 950.2998046875
            - 844.36553955078125
         -
            - 724.6158447265625
            - 832.09002685546875
      coarse_corners_original_image:
         -
            - 1784.3994140625
            - 2643.2041015625
         -
            - 2343.964111328125
            - 2673.943359375
         -
            - 2375.486328125
            - 2110.679931640625
         -
            - 1811.3388671875
            - 2079.99462890625
      refined_corners_original_image:
         -
            - 1800.1014404296875
            - 2643.147705078125
         -
            - 2343.964111328125
            - 2673.943359375
         -
            - 2390.38525390625
            - 2118.5146484375
         -
            - 1825.7418212890625
            - 2085.5361328125
      refined_valid:
         - 1
         - 1
         - 1
         - 1
      successful_scale_longest_sides:
         - 1805
         - 1289
         - 1003
         - 752
         - 564
         - 376
      corner_verification_debug:
         -
            corner_index: 0
            coarse_corner:
               - 1784.3994140625
               - 2643.2041015625
            verified_corner:
               - 1784.3994140625
               - 2643.2041015625
            subpix_corner:
               - 1800.1014404296875
               - 2643.147705078125
            verification_roi:
               - 1756
               - 2615
               - 58
               - 58
            prev_edge_direction:
               - 0.047777406871318817
               - -0.99885797500610352
            next_edge_direction:
               - 0.99849450588226318
               - 0.054851531982421875
            prev_marker_support_points:
               -
                  - 1789.2001953125
                  - 2618.1865234375
               -
                  - 1789.703125
                  - 2607.67333984375
               -
                  - 1790.2059326171875
                  - 2597.16015625
               -
                  - 1790.7088623046875
                  - 2586.64697265625
               -
                  - 1789.2138671875
                  - 2576.0380859375
               -
                  - 1791.714599609375
                  - 2565.620361328125
               -
                  - 1792.2174072265625
                  - 2555.107177734375
               -
                  - 1789.7237548828125
                  - 2544.450439453125
               -
                  - 1790.2265625
                  - 2533.937255859375
               -
                  - 1791.728271484375
                  - 2523.4716796875
               -
                  - 1791.2322998046875
                  - 2512.91064453125
               -
                  - 1790.736328125
                  - 2502.349853515625
               -
                  - 1792.238037109375
                  - 2491.88427734375
               -
                  - 1791.7420654296875
                  - 2481.3232421875
               -
                  - 1793.2437744140625
                  - 2470.857666015625
               -
                  - 1793.7467041015625
                  - 2460.344482421875
            next_marker_support_points:
               -
                  - 1809.9967041015625
                  - 2636.998779296875
               -
                  - 1820.44189453125
                  - 2637.572509765625
               -
                  - 1830.832275390625
                  - 2639.144775390625
               -
                  - 1841.2774658203125
                  - 2639.71875
               -
                  - 1851.72265625
                  - 2640.29248046875
               -
                  - 1862.16796875
                  - 2640.8662109375
               -
                  - 1872.6131591796875
                  - 2641.440185546875
               -
                  - 1883.00341796875
                  - 2643.012451171875
               -
                  - 1893.4486083984375
                  - 2643.586181640625
               -
                  - 1903.893798828125
                  - 2644.159912109375
               -
                  - 1914.3389892578125
                  - 2644.73388671875
               -
                  - 1924.7841796875
                  - 2645.3076171875
               -
                  - 1935.1746826171875
                  - 2646.8798828125
               -
                  - 1945.619873046875
                  - 2647.453857421875
               -
                  - 1956.0650634765625
                  - 2648.027587890625
               -
                  - 1966.51025390625
                  - 2648.601318359375
            prev_branch_points:
               []
            next_branch_points:
               []
            local_scale: 560.40838623046875
            verification_roi_radius: 28
            candidate_radius: 0
            branch_search_radius: 0
            direction_consistency_score: 1.
            local_layout_score: 1.
            verification_quality: 1.
            coarse_to_verified_displacement: 0.
            coarse_to_subpix_displacement: 15.702127456665039
            coarse_to_refined_displacement: 15.702127456665039
            corner_marker_width: 140.10209655761719
            image_line_corner:
               - 0.
               - 0.
            prev_image_line_residual: 0.
            next_image_line_residual: 0.
            prev_image_line_support_count: 0
            next_image_line_support_count: 0
            image_line_valid: 0
            line_refinement_success: 0
            line_refinement_quality: 0.
            line_jump: 3189.13916015625
            line_jump_limit: 0.
            line_inside: 0
            line_seed_gap: 3189.13916015625
            line_seed_accepted: 0
            spherical_corner:
               - 1784.3994140625
               - 2643.2041015625
            prev_spherical_curve_points:
               []
            next_spherical_curve_points:
               []
            prev_spherical_residual: 0.
            next_spherical_residual: 0.
            prev_spherical_support_count: 0
            next_spherical_support_count: 0
            spherical_refinement_valid: 0
            spherical_refinement_applied: 0
            spherical_failure_reason: ""
            subpix_window_radius: 21
            refine_displacement_limit: 0.
            refined_valid: 1
            verification_passed: 1
            subpix_applied: 1
            failure_reason: cs_only
         -
            corner_index: 1
            coarse_corner:
               - 2343.964111328125
               - 2673.943359375
            verified_corner:
               - 2343.964111328125
               - 2673.943359375
            subpix_corner:
               - 2343.964111328125
               - 2673.943359375
