%YAML:1.0
---
format_version: outer_detection_cache_v2
absolute_image_path: "/Users/linzhaoxian/lzx-ws/project/calibr/tartancalib/image/dataset_4-22/right_record_20260421_140151/right_vimbax_camera_right_image_raw_000077_838538557200.png"
image_file_size: 6488936
image_mtime: 1776751351
detector_config_hash: a5f7c893e3a5f9e3
image_size:
   - 4512
   - 4512
requested_board_ids:
   - 1
   - 2
   - 3
   - 4
   - 5
detections:
   -
      success: 1
      board_id: 1
      detected_tag_id: 1
      original_longest_side: 4512
      chosen_scale_longest_side: 1003
      chosen_scale_factor: 0.22229609929078015
      scale_configuration_mode: fixed_schedule
      used_corner_fusion: 1
      hamming: 0
      good: 1
      attempted_local_patch_rescue: 0
      used_local_patch_rescue: 0
      local_patch_rescue_summary: ""
      quality: 0.94357400172793071
      failure_reason: 0
      failure_reason_text: None
      coarse_corners_scaled_image:
         -
            - 380.04788208007812
            - 585.3792724609375
         -
            - 567.60614013671875
            - 597.364990234375
         -
            - 573.2747802734375
            - 405.9822998046875
         -
            - 390.17340087890625
            - 405.00030517578125
      coarse_corners_original_image:
         -
            - 1709.6470947265625
            - 2633.331298828125
         -
            - 2553.378662109375
            - 2687.2490234375
         -
            - 2578.879150390625
            - 1826.313232421875
         -
            - 1755.19677734375
            - 1821.895751953125
      refined_corners_original_image:
         -
            - 1723.8564453125
            - 2630.481201171875
         -
            - 2550.70263671875
            - 2683.3232421875
         -
            - 2574.801025390625
            - 1835.663818359375
         -
            - 1767.1689453125
            - 1832.5390625
      refined_valid:
         - 1
         - 1
         - 1
         - 1
      successful_scale_longest_sides:
         - 1003
         - 752
         - 564
         - 376
      corner_verification_debug:
         -
            corner_index: 0
            coarse_corner:
               - 1709.6470947265625
               - 2633.331298828125
            verified_corner:
               - 1709.6470947265625
               - 2633.331298828125
            subpix_corner:
               - 1723.8564453125
               - 2630.481201171875
            verification_roi:
               - 1668
               - 2592
               - 84
               - 84
            prev_edge_direction:
               - 0.05604645237326622
               - -0.99842816591262817
            next_edge_direction:
               - 0.99796438217163086
               - 0.063773803412914276
            prev_marker_support_points:
               -
                  - 1723.37841796875
                  - 2597.472412109375
               -
                  - 1723.2303466796875
                  - 2582.26953125
               -
                  - 1723.08203125
                  - 2567.06689453125
               -
                  - 1722.933837890625
                  - 2551.86376953125
               -
                  - 1722.7857666015625
                  - 2536.6611328125
               -
                  - 1722.6375732421875
                  - 2521.458251953125
               -
                  - 1722.4893798828125
                  - 2506.255615234375
               -
                  - 1723.3397216796875
                  - 2491.108642578125
               -
                  - 1723.1915283203125
                  - 2475.90576171875
               -
                  - 1723.0433349609375
                  - 2460.702880859375
               -
                  - 1723.8936767578125
                  - 2445.555908203125
               -
                  - 1723.7454833984375
                  - 2430.353271484375
               -
                  - 1724.595703125
                  - 2415.20654296875
               -
                  - 1724.4476318359375
                  - 2400.003662109375
               -
                  - 1725.2978515625
                  - 2384.856689453125
               -
                  - 1725.1495361328125
                  - 2369.654052734375
            next_marker_support_points:
               -
                  - 1746.189453125
                  - 2634.965087890625
               -
                  - 1761.8115234375
                  - 2637.967529296875
               -
                  - 1777.5611572265625
                  - 2638.973876953125
               -
                  - 1793.884765625
                  - 2630.998779296875
               -
                  - 1808.932861328125
                  - 2642.982666015625
               -
                  - 1824.618896484375
                  - 2644.9873046875
               -
                  - 1840.3685302734375
                  - 2645.99365234375
               -
                  - 1856.181884765625
                  - 2646.002197265625
               -
                  - 1871.6763916015625
                  - 2651.00048828125
               -
                  - 1887.107177734375
                  - 2656.996826171875
               -
                  - 1903.1756591796875
                  - 2653.013427734375
               -
                  - 1918.9254150390625
                  - 2654.02001953125
               -
                  - 1935.2490234375
                  - 2646.044677734375
               -
                  - 1950.9986572265625
                  - 2647.051025390625
               -
                  - 1966.0467529296875
                  - 2659.03515625
               -
                  - 1982.4979248046875
                  - 2649.06396484375
            prev_branch_points:
               []
            next_branch_points:
               []
            local_scale: 812.7130126953125
            verification_roi_radius: 41
            candidate_radius: 0
            branch_search_radius: 0
            direction_consistency_score: 1.
            local_layout_score: 1.
            verification_quality: 1.
            coarse_to_verified_displacement: 0.
            coarse_to_subpix_displacement: 14.492366790771484
            coarse_to_refined_displacement: 14.492366790771484
            corner_marker_width: 203.17825317382812
            image_line_corner:
               - 0.
               - 0.
            prev_image_line_residual: 0.
            next_image_line_residual: 0.
            prev_image_line_support_count: 0
            next_image_line_support_count: 0
            image_line_valid: 0
            line_refinement_success: 0
            line_refinement_quality: 0.
            line_jump: 3139.637939453125
            line_jump_limit: 0.
            line_inside: 0
            line_seed_gap: 3139.637939453125
            line_seed_accepted: 0
            spherical_corner:
               - 1709.6470947265625
               - 2633.331298828125
            prev_spherical_curve_points:
               []
            next_spherical_curve_points:
               []
            prev_spherical_residual: 0.
            next_spherical_residual: 0.
            prev_spherical_support_count: 0
            next_spherical_support_count: 0
            spherical_refinement_valid: 0
            spherical_refinement_applied: 0
            spherical_failure_reason: ""
            subpix_window_radius: 30
            refine_displacement_limit: 0.
            refined_valid: 1
            verification_passed: 1
            subpix_applied: 1
            failure_reason: cs_only
         -
            corner_index: 1
            coarse_corner:
               - 2553.378662109375
               - 2687.2490234375
            verified_corner:
               - 2553.378662109375
               - 2687.2490234375
            subpix_corner:
               - 2550.70263671875
               - 2683.3232421875
