%YAML:1.0
---
format_version: outer_detection_cache_v2
absolute_image_path: "/Users/linzhaoxian/lzx-ws/project/calibr/tartancalib/image/dataset_4-22/right_record_20260421_140151/right_vimbax_camera_right_image_raw_000134_865952466600.png"
image_file_size: 6374404
image_mtime: 1776751379
detector_config_hash: a5f7c893e3a5f9e3
image_size:
   - 4512
   - 4512
requested_board_ids:
   - 1
   - 2
   - 3
   - 4
   - 5
detections:
   -
      success: 1
      board_id: 1
      detected_tag_id: 1
      original_longest_side: 4512
      chosen_scale_longest_side: 1805
      chosen_scale_factor: 0.40004432624113473
      scale_configuration_mode: fixed_schedule
      used_corner_fusion: 1
      hamming: 0
      good: 1
      attempted_local_patch_rescue: 0
      used_local_patch_rescue: 0
      local_patch_rescue_summary: ""
      quality: 0.96489836796431527
      failure_reason: 0
      failure_reason_text: None
      coarse_corners_scaled_image:
         -
            - 632.17132568359375
            - 1050.9288330078125
         -
            - 885.49530029296875
            - 1067.3514404296875
         -
            - 897.10479736328125
            - 808.45159912109375
         -
            - 647.28472900390625
            - 797.43017578125
      coarse_corners_original_image:
         -
            - 1580.253173828125
            - 2627.031005859375
         -
            - 2213.492919921875
            - 2668.0830078125
         -
            - 2242.513427734375
            - 2020.905029296875
         -
            - 1618.032470703125
            - 1993.3546142578125
      refined_corners_original_image:
         -
            - 1581.9031982421875
            - 2627.34423828125
         -
            - 2207.850341796875
            - 2670.132080078125
         -
            - 2227.32861328125
            - 2027.27392578125
         -
            - 1627.529296875
            - 2005.9293212890625
      refined_valid:
         - 1
         - 1
         - 1
         - 1
      successful_scale_longest_sides:
         - 1805
         - 1289
         - 1003
         - 752
         - 564
         - 376
      corner_verification_debug:
         -
            corner_index: 0
            coarse_corner:
               - 1580.253173828125
               - 2627.031005859375
            verified_corner:
               - 1580.253173828125
               - 2627.031005859375
            subpix_corner:
               - 1581.9031982421875
               - 2627.34423828125
            verification_roi:
               - 1548
               - 2595
               - 66
               - 66
            prev_edge_direction:
               - 0.059513553977012634
               - -0.99822747707366943
            next_edge_direction:
               - 0.9979051947593689
               - 0.064692728221416473
            prev_marker_support_points:
               -
                  - 1577.36083984375
                  - 2598.25244140625
               -
                  - 1575.0712890625
                  - 2586.2451171875
               -
                  - 1578.771240234375
                  - 2574.594970703125
               -
                  - 1578.4781494140625
                  - 2562.706787109375
               -
                  - 1579.183349609375
                  - 2550.878173828125
               -
                  - 1577.89208984375
                  - 2538.930419921875
               -
                  - 1577.5992431640625
                  - 2527.04248046875
               -
                  - 1579.3026123046875
                  - 2515.273193359375
               -
                  - 1579.0096435546875
                  - 2503.38525390625
               -
                  - 1578.716552734375
                  - 2491.4970703125
               -
                  - 1579.4217529296875
                  - 2479.66845703125
               -
                  - 1598.0950927734375
                  - 2468.9111328125
               -
                  - 1599.7984619140625
                  - 2457.141845703125
               -
                  - 1599.5054931640625
                  - 2445.25390625
               -
                  - 1601.2088623046875
                  - 2433.484619140625
               -
                  - 1600.9158935546875
                  - 2421.5966796875
            next_marker_support_points:
               -
                  - 1608.580810546875
                  - 2631.472900390625
               -
                  - 1620.3365478515625
                  - 2633.237060546875
               -
                  - 1632.2216796875
                  - 2633.00537109375
               -
                  - 1643.9774169921875
                  - 2634.769775390625
               -
                  - 1655.7979736328125
                  - 2635.5361328125
               -
                  - 1667.5537109375
                  - 2637.30029296875
               -
                  - 1679.3741455078125
                  - 2638.06640625
               -
                  - 1691.1300048828125
                  - 2639.830810546875
               -
                  - 1702.950439453125
                  - 2640.59716796875
               -
                  - 1714.77099609375
                  - 2641.363525390625
               -
                  - 1726.5267333984375
                  - 2643.127685546875
               -
                  - 1738.34716796875
                  - 2643.893798828125
               -
                  - 1750.167724609375
                  - 2644.66015625
               -
                  - 1761.9881591796875
                  - 2645.426513671875
               -
                  - 1773.80859375
                  - 2646.19287109375
               -
                  - 1785.564453125
                  - 2647.956787109375
            prev_branch_points:
               []
            next_branch_points:
               []
            local_scale: 634.56903076171875
            verification_roi_radius: 32
            candidate_radius: 0
            branch_search_radius: 0
            direction_consistency_score: 1.
            local_layout_score: 1.
            verification_quality: 1.
            coarse_to_verified_displacement: 0.
            coarse_to_subpix_displacement: 1.6794924736022949
            coarse_to_refined_displacement: 1.6794924736022949
            corner_marker_width: 158.64225769042969
            image_line_corner:
               - 0.
               - 0.
            prev_image_line_residual: 0.
            next_image_line_residual: 0.
            prev_image_line_support_count: 0
            next_image_line_support_count: 0
            image_line_valid: 0
            line_refinement_success: 0
            line_refinement_quality: 0.
            line_jump: 3065.696044921875
            line_jump_limit: 0.
            line_inside: 0
            line_seed_gap: 3065.696044921875
            line_seed_accepted: 0
            spherical_corner:
               - 1580.253173828125
               - 2627.031005859375
            prev_spherical_curve_points:
               []
            next_spherical_curve_points:
               []
            prev_spherical_residual: 0.
            next_spherical_residual: 0.
            prev_spherical_support_count: 0
            next_spherical_support_count: 0
            spherical_refinement_valid: 0
            spherical_refinement_applied: 0
            spherical_failure_reason: ""
            subpix_window_radius: 24
            refine_displacement_limit: 0.
            refined_valid: 1
            verification_passed: 1
            subpix_applied: 1
            failure_reason: cs_only
         -
            corner_index: 1
            coarse_corner:
               - 2213.492919921875
               - 2668.0830078125
            verified_corner:
               - 2213.492919921875
               - 2668.0830078125
            subpix_corner:
               - 2207.850341796875
