%YAML:1.0
---
format_version: outer_detection_cache_v2
absolute_image_path: "/Users/linzhaoxian/lzx-ws/project/calibr/tartancalib/image/dataset_4-22/right_record_20260421_140151/right_vimbax_camera_right_image_raw_000088_843828960800.png"
image_file_size: 6624582
image_mtime: 1776751356
detector_config_hash: a5f7c893e3a5f9e3
image_size:
   - 4512
   - 4512
requested_board_ids:
   - 1
   - 2
   - 3
   - 4
   - 5
detections:
   -
      success: 1
      board_id: 1
      detected_tag_id: 1
      original_longest_side: 4512
      chosen_scale_longest_side: 2256
      chosen_scale_factor: 0.5
      scale_configuration_mode: fixed_schedule
      used_corner_fusion: 1
      hamming: 0
      good: 1
      attempted_local_patch_rescue: 0
      used_local_patch_rescue: 0
      local_patch_rescue_summary: ""
      quality: 0.95233262984846889
      failure_reason: 0
      failure_reason_text: None
      coarse_corners_scaled_image:
         -
            - 880.05535888671875
            - 1272.8363037109375
         -
            - 1261.29296875
            - 1295.65185546875
         -
            - 1273.401611328125
            - 907.71478271484375
         -
            - 900.6363525390625
            - 903.78466796875
      coarse_corners_original_image:
         -
            - 1760.1107177734375
            - 2545.672607421875
         -
            - 2522.5859375
            - 2591.3037109375
         -
            - 2546.80322265625
            - 1815.4295654296875
         -
            - 1801.272705078125
            - 1807.5693359375
      refined_corners_original_image:
         -
            - 1769.2041015625
            - 2542.665283203125
         -
            - 2519.2939453125
            - 2587.758544921875
         -
            - 2542.892333984375
            - 1823.8214111328125
         -
            - 1809.5562744140625
            - 1816.45068359375
      refined_valid:
         - 1
         - 1
         - 1
         - 1
      successful_scale_longest_sides:
         - 2256
         - 1805
         - 1289
         - 1003
         - 752
         - 564
         - 376
      corner_verification_debug:
         -
            corner_index: 0
            coarse_corner:
               - 1760.1107177734375
               - 2545.672607421875
            verified_corner:
               - 1760.1107177734375
               - 2545.672607421875
            subpix_corner:
               - 1769.2041015625
               - 2542.665283203125
            verification_roi:
               - 1723
               - 2508
               - 76
               - 76
            prev_edge_direction:
               - 0.055680729448795319
               - -0.99844861030578613
            next_edge_direction:
               - 0.9982140064239502
               - 0.059739131480455399
            prev_marker_support_points:
               -
                  - 1768.852294921875
                  - 2512.84228515625
               -
                  - 1769.62060546875
                  - 2499.064208984375
               -
                  - 1769.390625
                  - 2485.230712890625
               -
                  - 1769.1605224609375
                  - 2471.397216796875
               -
                  - 1769.9288330078125
                  - 2457.619140625
               -
                  - 1769.69873046875
                  - 2443.785400390625
               -
                  - 1770.467041015625
                  - 2430.00732421875
               -
                  - 1770.237060546875
                  - 2416.173828125
               -
                  - 1770.0069580078125
                  - 2402.34033203125
               -
                  - 1770.7752685546875
                  - 2388.562255859375
               -
                  - 1771.543701171875
                  - 2374.784423828125
               -
                  - 1771.3134765625
                  - 2360.950927734375
               -
                  - 1772.0819091796875
                  - 2347.1728515625
               -
                  - 1772.8502197265625
                  - 2333.39501953125
               -
                  - 1772.6201171875
                  - 2319.561279296875
               -
                  - 1773.3885498046875
                  - 2305.783447265625
            next_marker_support_points:
               -
                  - 1793.4310302734375
                  - 2545.76318359375
               -
                  - 1807.6639404296875
                  - 2546.614990234375
               -
                  - 1821.8968505859375
                  - 2547.466796875
               -
                  - 1836.06982421875
                  - 2549.31689453125
               -
                  - 1850.302734375
                  - 2550.168701171875
               -
                  - 1864.4759521484375
                  - 2552.0185546875
               -
                  - 1878.7088623046875
                  - 2552.870361328125
               -
                  - 1892.941650390625
                  - 2553.72216796875
               -
                  - 1907.1148681640625
                  - 2555.572265625
               -
                  - 1921.34765625
                  - 2556.424072265625
               -
                  - 1935.58056640625
                  - 2557.27587890625
               -
                  - 1949.753662109375
                  - 2559.125732421875
               -
                  - 1963.986572265625
                  - 2559.9775390625
               -
                  - 1978.2193603515625
                  - 2560.829345703125
               -
                  - 1992.392578125
                  - 2562.67919921875
               -
                  - 2006.62548828125
                  - 2563.531005859375
            prev_branch_points:
               []
            next_branch_points:
               []
            local_scale: 739.2501220703125
            verification_roi_radius: 37
            candidate_radius: 0
            branch_search_radius: 0
            direction_consistency_score: 1.
            local_layout_score: 1.
            verification_quality: 1.
            coarse_to_verified_displacement: 0.
            coarse_to_subpix_displacement: 9.5777673721313477
            coarse_to_refined_displacement: 9.5777673721313477
            corner_marker_width: 184.81253051757812
            image_line_corner:
               - 0.
               - 0.
            prev_image_line_residual: 0.
            next_image_line_residual: 0.
            prev_image_line_support_count: 0
            next_image_line_support_count: 0
            image_line_valid: 0
            line_refinement_success: 1
            line_refinement_quality: 0.85793103742505927
            line_jump: 8.9023275375366211
            line_jump_limit: 0.
            line_inside: 1
            line_seed_gap: 8.9023275375366211
            line_seed_accepted: 1
            spherical_corner:
               - 1760.1107177734375
               - 2545.672607421875
            prev_spherical_curve_points:
               []
            next_spherical_curve_points:
               []
            prev_spherical_residual: 0.
            next_spherical_residual: 0.
            prev_spherical_support_count: 0
            next_spherical_support_count: 0
            spherical_refinement_valid: 0
            spherical_refinement_applied: 0
            spherical_failure_reason: ""
            subpix_window_radius: 28
            refine_displacement_limit: 0.
            refined_valid: 1
            verification_passed: 1
            subpix_applied: 1
            failure_reason: cs_only
         -
            corner_index: 1
            coarse_corner:
               - 2522.5859375
               - 2591.3037109375
            verified_corner:
               - 2522.5859375
               - 2591.3037109375
            subpix_corner:
               - 2519.2939453125
