%YAML:1.0
---
format_version: outer_detection_cache_v2
absolute_image_path: "/Users/linzhaoxian/lzx-ws/project/calibr/tartancalib/image/dataset_4-22/right_record_20260421_140151/right_vimbax_camera_right_image_raw_000041_821224509200.png"
image_file_size: 6362411
image_mtime: 1776751333
detector_config_hash: a5f7c893e3a5f9e3
image_size:
   - 4512
   - 4512
requested_board_ids:
   - 1
   - 2
   - 3
   - 4
   - 5
detections:
   -
      success: 1
      board_id: 1
      detected_tag_id: 1
      original_longest_side: 4512
      chosen_scale_longest_side: 1289
      chosen_scale_factor: 0.28568262411347517
      scale_configuration_mode: fixed_schedule
      used_corner_fusion: 0
      hamming: 0
      good: 1
      attempted_local_patch_rescue: 0
      used_local_patch_rescue: 0
      local_patch_rescue_summary: ""
      quality: 0.90408402395870868
      failure_reason: 0
      failure_reason_text: None
      coarse_corners_scaled_image:
         -
            - 600.4539794921875
            - 709.3734130859375
         -
            - 728.5177001953125
            - 713.91015625
         -
            - 731.728759765625
            - 573.56610107421875
         -
            - 604.8560791015625
            - 570.2493896484375
      coarse_corners_original_image:
         -
            - 2101.82177734375
            - 2483.08203125
         -
            - 2550.094482421875
            - 2498.96240234375
         -
            - 2561.33447265625
            - 2007.7037353515625
         -
            - 2117.23095703125
            - 1996.0941162109375
      refined_corners_original_image:
         -
            - 2104.27099609375
            - 2482.880126953125
         -
            - 2547.314453125
            - 2505.258544921875
         -
            - 2558.987548828125
            - 2007.38525390625
         -
            - 2121.13427734375
            - 1995.8519287109375
      refined_valid:
         - 1
         - 1
         - 1
         - 1
      successful_scale_longest_sides:
         - 1289
      corner_verification_debug:
         -
            corner_index: 0
            coarse_corner:
               - 2101.82177734375
               - 2483.08203125
            verified_corner:
               - 2101.82177734375
               - 2483.08203125
            subpix_corner:
               - 2104.27099609375
               - 2482.880126953125
            verification_roi:
               - 2079
               - 2461
               - 46
               - 46
            prev_edge_direction:
               - 0.031625982373952866
               - -0.99949979782104492
            next_edge_direction:
               - 0.99937313795089722
               - 0.035403486341238022
            prev_marker_support_points:
               -
                  - 2105.8583984375
                  - 2463.0146484375
               -
                  - 2106.14208984375
                  - 2454.048095703125
               -
                  - 2106.42578125
                  - 2445.08154296875
               -
                  - 2106.70947265625
                  - 2436.11474609375
               -
                  - 2106.9931640625
                  - 2427.148193359375
               -
                  - 2107.27685546875
                  - 2418.181640625
               -
                  - 2107.560546875
                  - 2409.215087890625
               -
                  - 2106.844970703125
                  - 2400.217041015625
               -
                  - 2107.128662109375
                  - 2391.25048828125
               -
                  - 2107.412353515625
                  - 2382.283935546875
               -
                  - 2107.696044921875
                  - 2373.317138671875
               -
                  - 2107.979736328125
                  - 2364.3505859375
               -
                  - 2108.263427734375
                  - 2355.384033203125
               -
                  - 2108.547119140625
                  - 2346.41748046875
               -
                  - 2108.830810546875
                  - 2337.450927734375
               -
                  - 2109.114501953125
                  - 2328.484375
            next_marker_support_points:
               -
                  - 2122.043701171875
                  - 2482.3974609375
               -
                  - 2130.411376953125
                  - 2482.69384765625
               -
                  - 2138.74365234375
                  - 2483.98974609375
               -
                  - 2147.14697265625
                  - 2483.286865234375
               -
                  - 2155.5146484375
                  - 2483.583251953125
               -
                  - 2163.846923828125
                  - 2484.879150390625
               -
                  - 2172.250244140625
                  - 2484.176025390625
               -
                  - 2180.58251953125
                  - 2485.471923828125
               -
                  - 2188.9501953125
                  - 2485.7685546875
               -
                  - 2197.353515625
                  - 2485.0654296875
               -
                  - 2205.72119140625
                  - 2485.36181640625
               -
                  - 2214.0888671875
                  - 2485.658203125
               -
                  - 2222.456787109375
                  - 2485.95458984375
               -
                  - 2230.7890625
                  - 2487.250732421875
               -
                  - 2239.121337890625
                  - 2488.54638671875
               -
                  - 2247.524658203125
                  - 2487.843505859375
            prev_branch_points:
               []
            next_branch_points:
               []
            local_scale: 448.55389404296875
            verification_roi_radius: 22
            candidate_radius: 0
            branch_search_radius: 0
            direction_consistency_score: 1.
            local_layout_score: 1.
            verification_quality: 1.
            coarse_to_verified_displacement: 0.
            coarse_to_subpix_displacement: 2.457526683807373
            coarse_to_refined_displacement: 2.457526683807373
            corner_marker_width: 112.13847351074219
            image_line_corner:
               - 0.
               - 0.
            prev_image_line_residual: 0.
            next_image_line_residual: 0.
            prev_image_line_support_count: 0
            next_image_line_support_count: 0
            image_line_valid: 0
            line_refinement_success: 1
            line_refinement_quality: 0.67750588740271633
            line_jump: 2.457526683807373
            line_jump_limit: 0.
            line_inside: 1
            line_seed_gap: 2.457526683807373
            line_seed_accepted: 1
            spherical_corner:
               - 2101.82177734375
               - 2483.08203125
            prev_spherical_curve_points:
               []
            next_spherical_curve_points:
               []
            prev_spherical_residual: 0.
            next_spherical_residual: 0.
            prev_spherical_support_count: 0
            next_spherical_support_count: 0
            spherical_refinement_valid: 0
            spherical_refinement_applied: 0
            spherical_failure_reason: ""
            subpix_window_radius: 17
            refine_displacement_limit: 0.
            refined_valid: 1
            verification_passed: 1
            subpix_applied: 1
            failure_reason: cs_only
         -
            corner_index: 1
            coarse_corner:
               - 2550.094482421875
               - 2498.96240234375
            verified_corner:
               - 2550.094482421875
               - 2498.96240234375
            subpix_corner:
               - 2547.314453125
               - 2505.258544921875
            verification_roi:
               - 2528
               - 2476
               - 46
