%YAML:1.0
---
format_version: outer_detection_cache_v2
absolute_image_path: "/Users/linzhaoxian/lzx-ws/project/calibr/tartancalib/image/dataset_4-22/right_record_20260421_140151/right_vimbax_camera_right_image_raw_000102_850562201700.png"
image_file_size: 6298585
image_mtime: 1776751363
detector_config_hash: a5f7c893e3a5f9e3
image_size:
   - 4512
   - 4512
requested_board_ids:
   - 1
   - 2
   - 3
   - 4
   - 5
detections:
   -
      success: 1
      board_id: 1
      detected_tag_id: 1
      original_longest_side: 4512
      chosen_scale_longest_side: 2256
      chosen_scale_factor: 0.5
      scale_configuration_mode: fixed_schedule
      used_corner_fusion: 1
      hamming: 0
      good: 1
      attempted_local_patch_rescue: 0
      used_local_patch_rescue: 0
      local_patch_rescue_summary: ""
      quality: 0.96444588487907601
      failure_reason: 0
      failure_reason_text: None
      coarse_corners_scaled_image:
         -
            - 999.6126708984375
            - 1286.7633056640625
         -
            - 1337.3511962890625
            - 1299.3746337890625
         -
            - 1342.2037353515625
            - 956.4722900390625
         -
            - 1009.56396484375
            - 956.169189453125
      coarse_corners_original_image:
         -
            - 1999.225341796875
            - 2573.526611328125
         -
            - 2674.702392578125
            - 2598.749267578125
         -
            - 2684.407470703125
            - 1912.944580078125
         -
            - 2019.1279296875
            - 1912.33837890625
      refined_corners_original_image:
         -
            - 2005.8714599609375
            - 2573.3818359375
         -
            - 2672.429443359375
            - 2596.281494140625
         -
            - 2682.01318359375
            - 1924.0623779296875
         -
            - 2024.6937255859375
            - 1919.1475830078125
      refined_valid:
         - 1
         - 1
         - 1
         - 1
      successful_scale_longest_sides:
         - 2256
         - 1805
         - 1289
         - 1003
         - 752
         - 564
         - 376
      corner_verification_debug:
         -
            corner_index: 0
            coarse_corner:
               - 1999.225341796875
               - 2573.526611328125
            verified_corner:
               - 1999.225341796875
               - 2573.526611328125
            subpix_corner:
               - 2005.8714599609375
               - 2573.3818359375
            verification_roi:
               - 1966
               - 2540
               - 68
               - 68
            prev_edge_direction:
               - 0.030087614431977272
               - -0.99954724311828613
            next_edge_direction:
               - 0.99930357933044434
               - 0.037314500659704208
            prev_marker_support_points:
               -
                  - 2009.216796875
                  - 2544.046875
               -
                  - 2009.5882568359375
                  - 2531.70458984375
               -
                  - 2009.9598388671875
                  - 2519.362548828125
               -
                  - 2009.331787109375
                  - 2506.990234375
               -
                  - 2009.703369140625
                  - 2494.64794921875
               -
                  - 2011.0743408203125
                  - 2482.3359375
               -
                  - 2010.4464111328125
                  - 2469.963623046875
               -
                  - 2010.81787109375
                  - 2457.62158203125
               -
                  - 2010.1898193359375
                  - 2445.249267578125
               -
                  - 2011.5609130859375
                  - 2432.937255859375
               -
                  - 2010.932861328125
                  - 2420.56494140625
               -
                  - 2011.304443359375
                  - 2408.222900390625
               -
                  - 2011.6759033203125
                  - 2395.880615234375
               -
                  - 2012.0474853515625
                  - 2383.538330078125
               -
                  - 2012.4189453125
                  - 2371.1962890625
               -
                  - 2012.79052734375
                  - 2358.85400390625
            next_marker_support_points:
               -
                  - 2028.8260498046875
                  - 2578.53466796875
               -
                  - 2041.3975830078125
                  - 2580.004638671875
               -
                  - 2054.006591796875
                  - 2580.4755859375
               -
                  - 2066.615478515625
                  - 2580.9462890625
               -
                  - 2079.224365234375
                  - 2581.417236328125
               -
                  - 2091.7958984375
                  - 2582.887451171875
               -
                  - 2104.40478515625
                  - 2583.3583984375
               -
                  - 2117.013671875
                  - 2583.8291015625
               -
                  - 2129.585205078125
                  - 2585.29931640625
               -
                  - 2142.194091796875
                  - 2585.77001953125
               -
                  - 2154.802978515625
                  - 2586.24072265625
               -
                  - 2167.411865234375
                  - 2586.711669921875
               -
                  - 2180.020751953125
                  - 2587.182373046875
               -
                  - 2192.629638671875
                  - 2587.6533203125
               -
                  - 2205.20166015625
                  - 2589.123291015625
               -
                  - 2217.810546875
                  - 2589.59423828125
            prev_branch_points:
               []
            next_branch_points:
               []
            local_scale: 661.48773193359375
            verification_roi_radius: 33
            candidate_radius: 0
            branch_search_radius: 0
            direction_consistency_score: 1.
            local_layout_score: 1.
            verification_quality: 1.
            coarse_to_verified_displacement: 0.
            coarse_to_subpix_displacement: 6.6476950645446777
            coarse_to_refined_displacement: 6.6476950645446777
            corner_marker_width: 165.37193298339844
            image_line_corner:
               - 0.
               - 0.
            prev_image_line_residual: 0.
            next_image_line_residual: 0.
            prev_image_line_support_count: 0
            next_image_line_support_count: 0
            image_line_valid: 0
            line_refinement_success: 1
            line_refinement_quality: 0.87182252997236753
            line_jump: 10.346392631530762
            line_jump_limit: 0.
            line_inside: 1
            line_seed_gap: 10.346392631530762
            line_seed_accepted: 1
            spherical_corner:
               - 1999.225341796875
               - 2573.526611328125
            prev_spherical_curve_points:
               []
            next_spherical_curve_points:
               []
            prev_spherical_residual: 0.
            next_spherical_residual: 0.
            prev_spherical_support_count: 0
            next_spherical_support_count: 0
            spherical_refinement_valid: 0
            spherical_refinement_applied: 0
            spherical_failure_reason: ""
            subpix_window_radius: 25
            refine_displacement_limit: 0.
            refined_valid: 1
            verification_passed: 1
            subpix_applied: 1
            failure_reason: cs_only
         -
            corner_index: 1
            coarse_corner:
               - 2674.702392578125
               - 2598.749267578125
            verified_corner:
               - 2674.702392578125
               - 2598.749267578125
            subpix_corner:
