%YAML:1.0
---
format_version: outer_detection_cache_v2
absolute_image_path: "/Users/linzhaoxian/lzx-ws/project/calibr/tartancalib/image/dataset_4-22/right_record_20260421_140151/right_vimbax_camera_right_image_raw_000241_917413664800.png"
image_file_size: 6152528
image_mtime: 1776751432
detector_config_hash: a5f7c893e3a5f9e3
image_size:
   - 4512
   - 4512
requested_board_ids:
   - 1
   - 2
   - 3
   - 4
   - 5
detections:
   -
      success: 1
      board_id: 1
      detected_tag_id: 1
      original_longest_side: 4512
      chosen_scale_longest_side: 1289
      chosen_scale_factor: 0.28568262411347517
      scale_configuration_mode: fixed_schedule
      used_corner_fusion: 1
      hamming: 0
      good: 1
      attempted_local_patch_rescue: 0
      used_local_patch_rescue: 0
      local_patch_rescue_summary: ""
      quality: 0.97925676529749628
      failure_reason: 0
      failure_reason_text: None
      coarse_corners_scaled_image:
         -
            - 651.55877685546875
            - 732.22967529296875
         -
            - 797.71209716796875
            - 735.3402099609375
         -
            - 800.9962158203125
            - 592.04522705078125
         -
            - 657.86468505859375
            - 589.214599609375
      coarse_corners_original_image:
         -
            - 2280.70849609375
            - 2563.087890625
         -
            - 2792.3017578125
            - 2573.97607421875
         -
            - 2803.79736328125
            - 2072.387939453125
         -
            - 2302.781494140625
            - 2062.479736328125
      refined_corners_original_image:
         -
            - 2280.70849609375
            - 2563.087890625
         -
            - 2792.3017578125
            - 2573.97607421875
         -
            - 2803.79736328125
            - 2072.387939453125
         -
            - 2302.781494140625
            - 2062.479736328125
      refined_valid:
         - 1
         - 1
         - 1
         - 1
      successful_scale_longest_sides:
         - 1289
         - 1003
         - 564
      corner_verification_debug:
         -
            corner_index: 0
            coarse_corner:
               - 2280.70849609375
               - 2563.087890625
            verified_corner:
               - 2280.70849609375
               - 2563.087890625
            subpix_corner:
               - 2280.70849609375
               - 2563.087890625
            verification_roi:
               - 2255
               - 2538
               - 52
               - 52
            prev_edge_direction:
               - 0.044049568474292755
               - -0.99902933835983276
            next_edge_direction:
               - 0.99977362155914307
               - 0.021278072148561478
            prev_marker_support_points:
               -
                  - 2275.2080078125
                  - 2540.274169921875
               -
                  - 2284.611328125
                  - 2531.325927734375
               -
                  - 2284.0244140625
                  - 2521.937255859375
               -
                  - 2277.443359375
                  - 2512.2841796875
               -
                  - 2289.843505859375
                  - 2503.46826171875
               -
                  - 2286.259521484375
                  - 2493.947265625
               -
                  - 2285.672607421875
                  - 2484.55859375
               -
                  - 2285.08544921875
                  - 2475.169677734375
               -
                  - 2283.49951171875
                  - 2465.73681640625
               -
                  - 2289.90576171875
                  - 2456.656494140625
               -
                  - 2287.320556640625
                  - 2447.179931640625
               -
                  - 2291.728759765625
                  - 2438.01123046875
               -
                  - 2287.145751953125
                  - 2428.4462890625
               -
                  - 2293.5517578125
                  - 2419.365966796875
               -
                  - 2287.9697265625
                  - 2409.7568359375
               -
                  - 2288.3818359375
                  - 2400.412109375
            next_marker_support_points:
               -
                  - 2303.093017578125
                  - 2571.06591796875
               -
                  - 2312.642822265625
                  - 2571.269287109375
               -
                  - 2322.1923828125
                  - 2571.472412109375
               -
                  - 2331.7421875
                  - 2571.67578125
               -
                  - 2341.2919921875
                  - 2571.87890625
               -
                  - 2350.841796875
                  - 2572.082275390625
               -
                  - 2360.391357421875
                  - 2572.285400390625
               -
                  - 2369.941162109375
                  - 2572.48876953125
               -
                  - 2379.490966796875
                  - 2572.69189453125
               -
                  - 2389.04052734375
                  - 2572.895263671875
               -
                  - 2398.59033203125
                  - 2573.098388671875
               -
                  - 2408.14013671875
                  - 2573.3017578125
               -
                  - 2417.68994140625
                  - 2573.5048828125
               -
                  - 2427.239501953125
                  - 2573.708251953125
               -
                  - 2436.83203125
                  - 2571.911865234375
               -
                  - 2446.339111328125
                  - 2574.11474609375
            prev_branch_points:
               []
            next_branch_points:
               []
            local_scale: 501.09454345703125
            verification_roi_radius: 25
            candidate_radius: 0
            branch_search_radius: 0
            direction_consistency_score: 1.
            local_layout_score: 1.
            verification_quality: 1.
            coarse_to_verified_displacement: 0.
            coarse_to_subpix_displacement: 0.
            coarse_to_refined_displacement: 0.
            corner_marker_width: 125.27363586425781
            image_line_corner:
               - 0.
               - 0.
            prev_image_line_residual: 0.
            next_image_line_residual: 0.
            prev_image_line_support_count: 0
            next_image_line_support_count: 0
            image_line_valid: 0
            line_refinement_success: 0
            line_refinement_quality: 0.
            line_jump: 3430.896484375
            line_jump_limit: 0.
            line_inside: 0
            line_seed_gap: 3430.896484375
            line_seed_accepted: 0
            spherical_corner:
               - 2280.70849609375
               - 2563.087890625
            prev_spherical_curve_points:
               []
            next_spherical_curve_points:
               []
            prev_spherical_residual: 0.
            next_spherical_residual: 0.
            prev_spherical_support_count: 0
            next_spherical_support_count: 0
            spherical_refinement_valid: 0
            spherical_refinement_applied: 0
            spherical_failure_reason: ""
            subpix_window_radius: 19
            refine_displacement_limit: 0.
            refined_valid: 1
            verification_passed: 1
            subpix_applied: 1
            failure_reason: cs_only
         -
            corner_index: 1
            coarse_corner:
               - 2792.3017578125
               - 2573.97607421875
            verified_corner:
               - 2792.3017578125
               - 2573.97607421875
            subpix_corner:
               - 2792.3017578125
               - 2573.97607421875
            verification_roi:
               - 2767
               - 2548
               - 52
               - 52
