%YAML:1.0
---
format_version: outer_detection_cache_v2
absolute_image_path: "/Users/linzhaoxian/lzx-ws/project/calibr/tartancalib/image/dataset_4-22/right_record_20260421_140151/right_vimbax_camera_right_image_raw_000132_864990575000.png"
image_file_size: 6332927
image_mtime: 1776751378
detector_config_hash: a5f7c893e3a5f9e3
image_size:
   - 4512
   - 4512
requested_board_ids:
   - 1
   - 2
   - 3
   - 4
   - 5
detections:
   -
      success: 1
      board_id: 1
      detected_tag_id: 1
      original_longest_side: 4512
      chosen_scale_longest_side: 1805
      chosen_scale_factor: 0.40004432624113473
      scale_configuration_mode: fixed_schedule
      used_corner_fusion: 1
      hamming: 0
      good: 1
      attempted_local_patch_rescue: 0
      used_local_patch_rescue: 0
      local_patch_rescue_summary: ""
      quality: 0.97102653897295876
      failure_reason: 0
      failure_reason_text: None
      coarse_corners_scaled_image:
         -
            - 675.27520751953125
            - 1042.161865234375
         -
            - 932.5111083984375
            - 1059.494873046875
         -
            - 944.88067626953125
            - 797.89501953125
         -
            - 690.81005859375
            - 786.997802734375
      coarse_corners_original_image:
         -
            - 1688.0009765625
            - 2605.115966796875
         -
            - 2331.01953125
            - 2648.443603515625
         -
            - 2361.93994140625
            - 1994.5166015625
         -
            - 1726.8338623046875
            - 1967.2764892578125
      refined_corners_original_image:
         -
            - 1691.8653564453125
            - 2598.51318359375
         -
            - 2323.7529296875
            - 2642.19921875
         -
            - 2356.35498046875
            - 1995.794677734375
         -
            - 1725.6826171875
            - 1970.9649658203125
      refined_valid:
         - 1
         - 1
         - 1
         - 1
      successful_scale_longest_sides:
         - 1805
         - 1289
         - 1003
         - 752
         - 564
         - 376
      corner_verification_debug:
         -
            corner_index: 0
            coarse_corner:
               - 1688.0009765625
               - 2605.115966796875
            verified_corner:
               - 1688.0009765625
               - 2605.115966796875
            subpix_corner:
               - 1691.8653564453125
               - 2598.51318359375
            verification_roi:
               - 1656
               - 2573
               - 66
               - 66
            prev_edge_direction:
               - 0.060769390314817429
               - -0.99815183877944946
            next_edge_direction:
               - 0.9977375864982605
               - 0.067229181528091431
            prev_marker_support_points:
               -
                  - 1697.134765625
                  - 2576.86279296875
               -
                  - 1694.865234375
                  - 2564.774169921875
               -
                  - 1693.59375
                  - 2552.746337890625
               -
                  - 1696.31494140625
                  - 2540.96142578125
               -
                  - 1697.039794921875
                  - 2529.05517578125
               -
                  - 1696.7664794921875
                  - 2517.088134765625
               -
                  - 1694.4970703125
                  - 2504.99951171875
               -
                  - 1698.21630859375
                  - 2493.275390625
               -
                  - 1699.9393310546875
                  - 2481.429931640625
               -
                  - 1697.6697998046875
                  - 2469.341064453125
               -
                  - 1698.394775390625
                  - 2457.434814453125
               -
                  - 1696.1251220703125
                  - 2445.34619140625
               -
                  - 1699.844482421875
                  - 2433.6220703125
               -
                  - 1699.5711669921875
                  - 2421.6552734375
               -
                  - 1697.301513671875
                  - 2409.56640625
               -
                  - 1702.0191650390625
                  - 2397.903076171875
            next_marker_support_points:
               -
                  - 1716.9876708984375
                  - 2602.6591796875
               -
                  - 1729.057861328125
                  - 2602.47021484375
               -
                  - 1740.99365234375
                  - 2604.276611328125
               -
                  - 1752.9295654296875
                  - 2606.083251953125
               -
                  - 1764.9324951171875
                  - 2606.89208984375
               -
                  - 1776.8682861328125
                  - 2608.698486328125
               -
                  - 1788.9385986328125
                  - 2608.509521484375
               -
                  - 1800.874267578125
                  - 2610.316162109375
               -
                  - 1812.8773193359375
                  - 2611.125
               -
                  - 1824.8131103515625
                  - 2612.931396484375
               -
                  - 1836.8160400390625
                  - 2613.740234375
               -
                  - 1848.819091796875
                  - 2614.549072265625
               -
                  - 1860.7548828125
                  - 2616.35546875
               -
                  - 1872.8250732421875
                  - 2616.166748046875
               -
                  - 1884.828125
                  - 2616.975341796875
               -
                  - 1896.763916015625
                  - 2618.78173828125
            prev_branch_points:
               []
            next_branch_points:
               []
            local_scale: 639.0205078125
            verification_roi_radius: 32
            candidate_radius: 0
            branch_search_radius: 0
            direction_consistency_score: 1.
            local_layout_score: 1.
            verification_quality: 1.
            coarse_to_verified_displacement: 0.
            coarse_to_subpix_displacement: 7.6505017280578613
            coarse_to_refined_displacement: 7.6505017280578613
            corner_marker_width: 159.755126953125
            image_line_corner:
               - 0.
               - 0.
            prev_image_line_residual: 0.
            next_image_line_residual: 0.
            prev_image_line_support_count: 0
            next_image_line_support_count: 0
            image_line_valid: 0
            line_refinement_success: 0
            line_refinement_quality: 0.
            line_jump: 3104.18701171875
            line_jump_limit: 0.
            line_inside: 0
            line_seed_gap: 3104.18701171875
            line_seed_accepted: 0
            spherical_corner:
               - 1688.0009765625
               - 2605.115966796875
            prev_spherical_curve_points:
               []
            next_spherical_curve_points:
               []
            prev_spherical_residual: 0.
            next_spherical_residual: 0.
            prev_spherical_support_count: 0
            next_spherical_support_count: 0
            spherical_refinement_valid: 0
            spherical_refinement_applied: 0
            spherical_failure_reason: ""
            subpix_window_radius: 24
            refine_displacement_limit: 0.
            refined_valid: 1
            verification_passed: 1
            subpix_applied: 1
            failure_reason: cs_only
         -
            corner_index: 1
            coarse_corner:
               - 2331.01953125
               - 2648.443603515625
            verified_corner:
               - 2331.01953125
               - 2648.443603515625
            subpix_corner:
               - 2323.7529296875
               - 2642.19921875
            verification_roi:
