%YAML:1.0
---
format_version: outer_detection_cache_v2
absolute_image_path: "/Users/linzhaoxian/lzx-ws/project/calibr/tartancalib/image/dataset_4-22/right_record_20260421_140151/right_vimbax_camera_right_image_raw_000066_833248153700.png"
image_file_size: 6484982
image_mtime: 1776751345
detector_config_hash: a5f7c893e3a5f9e3
image_size:
   - 4512
   - 4512
requested_board_ids:
   - 1
   - 2
   - 3
   - 4
   - 5
detections:
   -
      success: 1
      board_id: 1
      detected_tag_id: 1
      original_longest_side: 4512
      chosen_scale_longest_side: 1805
      chosen_scale_factor: 0.40004432624113473
      scale_configuration_mode: fixed_schedule
      used_corner_fusion: 1
      hamming: 0
      good: 1
      attempted_local_patch_rescue: 0
      used_local_patch_rescue: 0
      local_patch_rescue_summary: ""
      quality: 0.94255741295122764
      failure_reason: 0
      failure_reason_text: None
      coarse_corners_scaled_image:
         -
            - 692.2440185546875
            - 1036.108642578125
         -
            - 1034.5054931640625
            - 1056.4071044921875
         -
            - 1042.621337890625
            - 713.59539794921875
         -
            - 709.9522705078125
            - 713.38385009765625
      coarse_corners_original_image:
         -
            - 1730.4183349609375
            - 2589.984619140625
         -
            - 2585.97705078125
            - 2640.72509765625
         -
            - 2606.264404296875
            - 1783.790771484375
         -
            - 1774.6839599609375
            - 1783.2620849609375
      refined_corners_original_image:
         -
            - 1741.6876220703125
            - 2585.43115234375
         -
            - 2580.801025390625
            - 2634.59326171875
         -
            - 2599.96142578125
            - 1780.0771484375
         -
            - 1785.6865234375
            - 1778.
      refined_valid:
         - 1
         - 1
         - 1
         - 1
      successful_scale_longest_sides:
         - 1805
         - 1289
         - 1003
         - 752
         - 564
         - 376
      corner_verification_debug:
         -
            corner_index: 0
            coarse_corner:
               - 1730.4183349609375
               - 2589.984619140625
            verified_corner:
               - 1730.4183349609375
               - 2589.984619140625
            subpix_corner:
               - 1741.6876220703125
               - 2585.43115234375
            verification_roi:
               - 1690
               - 2549
               - 82
               - 82
            prev_edge_direction:
               - 0.05478852242231369
               - -0.99849796295166016
            next_edge_direction:
               - 0.99824601411819458
               - 0.059202808886766434
            prev_marker_support_points:
               -
                  - 1741.396728515625
                  - 2554.17529296875
               -
                  - 1741.224609375
                  - 2539.0615234375
               -
                  - 1741.0523681640625
                  - 2523.947998046875
               -
                  - 1741.878662109375
                  - 2508.88916015625
               -
                  - 1741.7064208984375
                  - 2493.775390625
               -
                  - 1741.5341796875
                  - 2478.661865234375
               -
                  - 1741.362060546875
                  - 2463.54833984375
               -
                  - 1741.1898193359375
                  - 2448.4345703125
               -
                  - 1742.01611328125
                  - 2433.375732421875
               -
                  - 1741.8438720703125
                  - 2418.262451171875
               -
                  - 1742.670166015625
                  - 2403.20361328125
               -
                  - 1742.498046875
                  - 2388.08984375
               -
                  - 1743.3243408203125
                  - 2373.031005859375
               -
                  - 1743.152099609375
                  - 2357.91748046875
               -
                  - 1743.9783935546875
                  - 2342.858642578125
               -
                  - 1743.80615234375
                  - 2327.7451171875
            next_marker_support_points:
               -
                  - 1767.1260986328125
                  - 2585.149169921875
               -
                  - 1783.0965576171875
                  - 2586.096435546875
               -
                  - 1798.9486083984375
                  - 2589.040283203125
               -
                  - 1814.9189453125
                  - 2589.9873046875
               -
                  - 1830.8302001953125
                  - 2591.932861328125
               -
                  - 1846.8006591796875
                  - 2592.8798828125
               -
                  - 1862.7119140625
                  - 2594.825439453125
               -
                  - 1878.6822509765625
                  - 2595.7724609375
               -
                  - 1894.593505859375
                  - 2597.7177734375
               -
                  - 1910.56396484375
                  - 2598.664794921875
               -
                  - 1926.534423828125
                  - 2599.612060546875
               -
                  - 1942.4456787109375
                  - 2601.557373046875
               -
                  - 1958.416015625
                  - 2602.504638671875
               -
                  - 1974.3272705078125
                  - 2604.4501953125
               -
                  - 1990.2977294921875
                  - 2605.397216796875
               -
                  - 2006.26806640625
                  - 2606.344482421875
            prev_branch_points:
               []
            next_branch_points:
               []
            local_scale: 807.93609619140625
            verification_roi_radius: 40
            candidate_radius: 0
            branch_search_radius: 0
            direction_consistency_score: 1.
            local_layout_score: 1.
            verification_quality: 1.
            coarse_to_verified_displacement: 0.
            coarse_to_subpix_displacement: 12.154459953308105
            coarse_to_refined_displacement: 12.154459953308105
            corner_marker_width: 201.98402404785156
            image_line_corner:
               - 0.
               - 0.
            prev_image_line_residual: 0.
            next_image_line_residual: 0.
            prev_image_line_support_count: 0
            next_image_line_support_count: 0
            image_line_valid: 0
            line_refinement_success: 1
            line_refinement_quality: 0.867739847335394
            line_jump: 12.904431343078613
            line_jump_limit: 0.
            line_inside: 1
            line_seed_gap: 12.904431343078613
            line_seed_accepted: 1
            spherical_corner:
               - 1730.4183349609375
               - 2589.984619140625
            prev_spherical_curve_points:
               []
            next_spherical_curve_points:
               []
            prev_spherical_residual: 0.
            next_spherical_residual: 0.
            prev_spherical_support_count: 0
            next_spherical_support_count: 0
            spherical_refinement_valid: 0
            spherical_refinement_applied: 0
            spherical_failure_reason: ""
            subpix_window_radius: 30
            refine_displacement_limit: 0.
            refined_valid: 1
            verification_passed: 1
            subpix_applied: 1
            failure_reason: cs_only
         -
            corner_index: 1
            coarse_corner:
               - 2585.97705078125
               - 2640.72509765625
            verified_corner:
               - 2585.97705078125
               - 2640.72509765625
            subpix_corner:
               - 2580.801025390625
