%YAML:1.0
---
format_version: outer_detection_cache_v2
absolute_image_path: "/Users/linzhaoxian/lzx-ws/project/calibr/tartancalib/image/dataset_4-22/right_record_20260421_140151/right_vimbax_camera_right_image_raw_000242_917894610600.png"
image_file_size: 6190588
image_mtime: 1776751433
detector_config_hash: a5f7c893e3a5f9e3
image_size:
   - 4512
   - 4512
requested_board_ids:
   - 1
   - 2
   - 3
   - 4
   - 5
detections:
   -
      success: 1
      board_id: 1
      detected_tag_id: 1
      original_longest_side: 4512
      chosen_scale_longest_side: 1805
      chosen_scale_factor: 0.40004432624113473
      scale_configuration_mode: fixed_schedule
      used_corner_fusion: 1
      hamming: 0
      good: 1
      attempted_local_patch_rescue: 0
      used_local_patch_rescue: 0
      local_patch_rescue_summary: ""
      quality: 0.98202326295572773
      failure_reason: 0
      failure_reason_text: None
      coarse_corners_scaled_image:
         -
            - 884.9227294921875
            - 1025.113525390625
         -
            - 1085.822509765625
            - 1032.7310791015625
         -
            - 1091.2757568359375
            - 828.9866943359375
         -
            - 890.68670654296875
            - 825.04315185546875
      coarse_corners_original_image:
         -
            - 2212.061767578125
            - 2562.5
         -
            - 2714.255615234375
            - 2581.541748046875
         -
            - 2727.88720703125
            - 2072.237060546875
         -
            - 2226.469970703125
            - 2062.37939453125
      refined_corners_original_image:
         -
            - 2212.061767578125
            - 2562.5
         -
            - 2715.844970703125
            - 2572.282958984375
         -
            - 2727.88720703125
            - 2072.237060546875
         -
            - 2226.469970703125
            - 2062.37939453125
      refined_valid:
         - 1
         - 1
         - 1
         - 1
      successful_scale_longest_sides:
         - 1805
         - 1289
         - 1003
         - 752
         - 564
         - 376
      corner_verification_debug:
         -
            corner_index: 0
            coarse_corner:
               - 2212.061767578125
               - 2562.5
            verified_corner:
               - 2212.061767578125
               - 2562.5
            subpix_corner:
               - 2212.061767578125
               - 2562.5
            verification_roi:
               - 2187
               - 2537
               - 52
               - 52
            prev_edge_direction:
               - 0.028797509148716927
               - -0.99958527088165283
            next_edge_direction:
               - 0.99928194284439087
               - 0.037889901548624039
            prev_marker_support_points:
               -
                  - 2215.209228515625
                  - 2540.066650390625
               -
                  - 2217.47705078125
                  - 2530.78857421875
               -
                  - 2217.74609375
                  - 2521.453125
               -
                  - 2218.01513671875
                  - 2512.117431640625
               -
                  - 2217.284423828125
                  - 2502.753173828125
               -
                  - 2217.553466796875
                  - 2493.41748046875
               -
                  - 2217.822509765625
                  - 2484.081787109375
               -
                  - 2217.091796875
                  - 2474.717529296875
               -
                  - 2218.3603515625
                  - 2465.41064453125
               -
                  - 2218.629150390625
                  - 2456.0751953125
               -
                  - 2219.897705078125
                  - 2446.768310546875
               -
                  - 2219.167236328125
                  - 2437.404052734375
               -
                  - 2219.43603515625
                  - 2428.068359375
               -
                  - 2219.705078125
                  - 2418.73291015625
               -
                  - 2220.9736328125
                  - 2409.426025390625
               -
                  - 2220.242919921875
                  - 2400.061767578125
            next_marker_support_points:
               -
                  - 2234.806640625
                  - 2556.857666015625
               -
                  - 2243.95361328125
                  - 2563.208740234375
               -
                  - 2253.289794921875
                  - 2564.563720703125
               -
                  - 2262.626220703125
                  - 2565.91845703125
               -
                  - 2272.03857421875
                  - 2565.274658203125
               -
                  - 2281.375
                  - 2566.62939453125
               -
                  - 2291.0146484375
                  - 2559.98974609375
               -
                  - 2300.161376953125
                  - 2566.341064453125
               -
                  - 2309.422119140625
                  - 2569.694091796875
               -
                  - 2318.8720703125
                  - 2568.051025390625
               -
                  - 2328.170654296875
                  - 2570.405029296875
               -
                  - 2337.658447265625
                  - 2567.7626953125
               -
                  - 2346.919189453125
                  - 2571.115966796875
               -
                  - 2356.596435546875
                  - 2563.47705078125
               -
                  - 2365.743408203125
                  - 2569.828369140625
               -
                  - 2375.079833984375
                  - 2571.18310546875
            prev_branch_points:
               []
            next_branch_points:
               []
            local_scale: 500.32809448242188
            verification_roi_radius: 25
            candidate_radius: 0
            branch_search_radius: 0
            direction_consistency_score: 1.
            local_layout_score: 1.
            verification_quality: 1.
            coarse_to_verified_displacement: 0.
            coarse_to_subpix_displacement: 0.
            coarse_to_refined_displacement: 0.
            corner_marker_width: 125.08202362060547
            image_line_corner:
               - 0.
               - 0.
            prev_image_line_residual: 0.
            next_image_line_residual: 0.
            prev_image_line_support_count: 0
            next_image_line_support_count: 0
            image_line_valid: 0
            line_refinement_success: 1
            line_refinement_quality: 0.2423571224123805
            line_jump: 6.7309222221374512
            line_jump_limit: 0.
            line_inside: 1
            line_seed_gap: 6.7309222221374512
            line_seed_accepted: 0
            spherical_corner:
               - 2212.061767578125
               - 2562.5
            prev_spherical_curve_points:
               []
            next_spherical_curve_points:
               []
            prev_spherical_residual: 0.
            next_spherical_residual: 0.
            prev_spherical_support_count: 0
            next_spherical_support_count: 0
            spherical_refinement_valid: 0
            spherical_refinement_applied: 0
            spherical_failure_reason: ""
            subpix_window_radius: 19
            refine_displacement_limit: 0.
            refined_valid: 1
            verification_passed: 1
            subpix_applied: 1
            failure_reason: cs_only
         -
            corner_index: 1
            coarse_corner:
               - 2714.255615234375
               - 2581.541748046875
            verified_corner:
               - 2714.255615234375
               - 2581.541748046875
            subpix_corner:
               - 2715.844970703125
               - 2572.282958984375
            verification_roi:
               - 2689
               - 2556
