%YAML:1.0
---
format_version: outer_detection_cache_v2
absolute_image_path: "/Users/linzhaoxian/lzx-ws/project/calibr/tartancalib/image/dataset_4-22/right_record_20260421_140151/right_vimbax_camera_right_image_raw_000094_846714635500.png"
image_file_size: 6514834
image_mtime: 1776751359
detector_config_hash: a5f7c893e3a5f9e3
image_size:
   - 4512
   - 4512
requested_board_ids:
   - 1
   - 2
   - 3
   - 4
   - 5
detections:
   -
      success: 1
      board_id: 1
      detected_tag_id: 1
      original_longest_side: 4512
      chosen_scale_longest_side: 1289
      chosen_scale_factor: 0.28568262411347517
      scale_configuration_mode: fixed_schedule
      used_corner_fusion: 1
      hamming: 0
      good: 1
      attempted_local_patch_rescue: 0
      used_local_patch_rescue: 0
      local_patch_rescue_summary: ""
      quality: 0.9534070650711276
      failure_reason: 0
      failure_reason_text: None
      coarse_corners_scaled_image:
         -
            - 510.3740234375
            - 740.78594970703125
         -
            - 726.6097412109375
            - 753.0472412109375
         -
            - 732.57879638671875
            - 532.85736083984375
         -
            - 520.69805908203125
            - 531.03216552734375
      coarse_corners_original_image:
         -
            - 1786.507080078125
            - 2593.0380859375
         -
            - 2543.416015625
            - 2635.95751953125
         -
            - 2564.31005859375
            - 1865.20751953125
         -
            - 1822.645263671875
            - 1858.818603515625
      refined_corners_original_image:
         -
            - 1795.820068359375
            - 2589.616943359375
         -
            - 2540.912841796875
            - 2631.592041015625
         -
            - 2561.451416015625
            - 1871.7359619140625
         -
            - 1831.3863525390625
            - 1866.3853759765625
      refined_valid:
         - 1
         - 1
         - 1
         - 1
      successful_scale_longest_sides:
         - 1289
         - 1003
         - 752
         - 564
         - 376
      corner_verification_debug:
         -
            corner_index: 0
            coarse_corner:
               - 1786.507080078125
               - 2593.0380859375
            verified_corner:
               - 1786.507080078125
               - 2593.0380859375
            subpix_corner:
               - 1795.820068359375
               - 2589.616943359375
            verification_roi:
               - 1749
               - 2556
               - 76
               - 76
            prev_edge_direction:
               - 0.04916035383939743
               - -0.9987909197807312
            next_edge_direction:
               - 0.99839621782302856
               - 0.056612621992826462
            prev_marker_support_points:
               -
                  - 1798.0213623046875
                  - 2560.48486328125
               -
                  - 1797.6971435546875
                  - 2546.730224609375
               -
                  - 1797.3729248046875
                  - 2532.975830078125
               -
                  - 1798.0474853515625
                  - 2519.270263671875
               -
                  - 1797.7232666015625
                  - 2505.515625
               -
                  - 1798.3978271484375
                  - 2491.81005859375
               -
                  - 1798.0736083984375
                  - 2478.0556640625
               -
                  - 1798.7481689453125
                  - 2464.350341796875
               -
                  - 1798.4239501953125
                  - 2450.595703125
               -
                  - 1799.0985107421875
                  - 2436.890380859375
               -
                  - 1799.773193359375
                  - 2423.184814453125
               -
                  - 1799.448974609375
                  - 2409.43017578125
               -
                  - 1800.12353515625
                  - 2395.724609375
               -
                  - 1799.79931640625
                  - 2381.97021484375
               -
                  - 1800.473876953125
                  - 2368.2646484375
               -
                  - 1801.1484375
                  - 2354.559326171875
            next_marker_support_points:
               -
                  - 1819.867919921875
                  - 2589.020263671875
               -
                  - 1833.940185546875
                  - 2590.81982421875
               -
                  - 1848.0692138671875
                  - 2591.62109375
               -
                  - 1862.1416015625
                  - 2593.42041015625
               -
                  - 1876.2706298828125
                  - 2594.2216796875
               -
                  - 1890.3428955078125
                  - 2596.021484375
               -
                  - 1904.471923828125
                  - 2596.822509765625
               -
                  - 1918.544189453125
                  - 2598.6220703125
               -
                  - 1932.6732177734375
                  - 2599.423095703125
               -
                  - 1946.8021240234375
                  - 2600.224365234375
               -
                  - 1960.87451171875
                  - 2602.02392578125
               -
                  - 1975.00341796875
                  - 2602.8251953125
               -
                  - 1989.1324462890625
                  - 2603.626220703125
               -
                  - 2003.2613525390625
                  - 2604.427490234375
               -
                  - 2017.3338623046875
                  - 2606.22705078125
               -
                  - 2031.4627685546875
                  - 2607.028076171875
            prev_branch_points:
               []
            next_branch_points:
               []
            local_scale: 735.1082763671875
            verification_roi_radius: 37
            candidate_radius: 0
            branch_search_radius: 0
            direction_consistency_score: 1.
            local_layout_score: 1.
            verification_quality: 1.
            coarse_to_verified_displacement: 0.
            coarse_to_subpix_displacement: 9.9214897155761719
            coarse_to_refined_displacement: 9.9214897155761719
            corner_marker_width: 183.77706909179688
            image_line_corner:
               - 0.
               - 0.
            prev_image_line_residual: 0.
            next_image_line_residual: 0.
            prev_image_line_support_count: 0
            next_image_line_support_count: 0
            image_line_valid: 0
            line_refinement_success: 1
            line_refinement_quality: 0.86951200639906634
            line_jump: 11.957790374755859
            line_jump_limit: 0.
            line_inside: 1
            line_seed_gap: 11.957790374755859
            line_seed_accepted: 1
            spherical_corner:
               - 1786.507080078125
               - 2593.0380859375
            prev_spherical_curve_points:
               []
            next_spherical_curve_points:
               []
            prev_spherical_residual: 0.
            next_spherical_residual: 0.
            prev_spherical_support_count: 0
            next_spherical_support_count: 0
            spherical_refinement_valid: 0
            spherical_refinement_applied: 0
            spherical_failure_reason: ""
            subpix_window_radius: 28
            refine_displacement_limit: 0.
            refined_valid: 1
            verification_passed: 1
            subpix_applied: 1
            failure_reason: cs_only
         -
            corner_index: 1
            coarse_corner:
               - 2543.416015625
               - 2635.95751953125
            verified_corner:
               - 2543.416015625
               - 2635.95751953125
            subpix_corner:
               - 2540.912841796875
