%YAML:1.0
---
format_version: outer_detection_cache_v2
absolute_image_path: "/Users/linzhaoxian/lzx-ws/project/calibr/tartancalib/image/dataset_4-22/right_record_20260421_140151/right_vimbax_camera_right_image_raw_000072_836133828300.png"
image_file_size: 6506546
image_mtime: 1776751348
detector_config_hash: a5f7c893e3a5f9e3
image_size:
   - 4512
   - 4512
requested_board_ids:
   - 1
   - 2
   - 3
   - 4
   - 5
detections:
   -
      success: 1
      board_id: 1
      detected_tag_id: 1
      original_longest_side: 4512
      chosen_scale_longest_side: 1289
      chosen_scale_factor: 0.28568262411347517
      scale_configuration_mode: fixed_schedule
      used_corner_fusion: 1
      hamming: 0
      good: 1
      attempted_local_patch_rescue: 0
      used_local_patch_rescue: 0
      local_patch_rescue_summary: ""
      quality: 0.94387183989522661
      failure_reason: 0
      failure_reason_text: None
      coarse_corners_scaled_image:
         -
            - 495.24478149414062
            - 739.88153076171875
         -
            - 740.84765625
            - 754.462646484375
         -
            - 746.6795654296875
            - 505.22512817382812
         -
            - 508.57098388671875
            - 504.94650268554688
      coarse_corners_original_image:
         -
            - 1733.548828125
            - 2589.872314453125
         -
            - 2593.254150390625
            - 2640.911865234375
         -
            - 2613.668212890625
            - 1768.48388671875
         -
            - 1780.1956787109375
            - 1767.5086669921875
      refined_corners_original_image:
         -
            - 1746.5830078125
            - 2585.99365234375
         -
            - 2587.69775390625
            - 2636.0458984375
         -
            - 2607.787109375
            - 1780.39794921875
         -
            - 1791.303466796875
            - 1777.91845703125
      refined_valid:
         - 1
         - 1
         - 1
         - 1
      successful_scale_longest_sides:
         - 1289
         - 1003
         - 752
         - 564
         - 376
      corner_verification_debug:
         -
            corner_index: 0
            coarse_corner:
               - 1733.548828125
               - 2589.872314453125
            verified_corner:
               - 1733.548828125
               - 2589.872314453125
            subpix_corner:
               - 1746.5830078125
               - 2585.99365234375
            verification_roi:
               - 1692
               - 2548
               - 84
               - 84
            prev_edge_direction:
               - 0.056631866842508316
               - -0.99839514493942261
            next_edge_direction:
               - 0.99824231863021851
               - 0.059264305979013443
            prev_marker_support_points:
               -
                  - 1746.330810546875
                  - 2553.471923828125
               -
                  - 1746.203125
                  - 2538.064453125
               -
                  - 1746.075439453125
                  - 2522.656982421875
               -
                  - 1745.94775390625
                  - 2507.24951171875
               -
                  - 1746.8184814453125
                  - 2491.89892578125
               -
                  - 1746.6907958984375
                  - 2476.491455078125
               -
                  - 1746.563232421875
                  - 2461.083984375
               -
                  - 1747.4339599609375
                  - 2445.733154296875
               -
                  - 1747.306396484375
                  - 2430.32568359375
               -
                  - 1747.1787109375
                  - 2414.91845703125
               -
                  - 1748.0494384765625
                  - 2399.567626953125
               -
                  - 1747.9217529296875
                  - 2384.16015625
               -
                  - 1747.7940673828125
                  - 2368.752685546875
               -
                  - 1748.664794921875
                  - 2353.40185546875
               -
                  - 1749.5355224609375
                  - 2338.051025390625
               -
                  - 1749.407958984375
                  - 2322.6435546875
            next_marker_support_points:
               -
                  - 1771.065185546875
                  - 2583.38427734375
               -
                  - 1787.113037109375
                  - 2584.3369140625
               -
                  - 1803.1014404296875
                  - 2586.287841796875
               -
                  - 1819.090087890625
                  - 2588.239013671875
               -
                  - 1835.137939453125
                  - 2589.191650390625
               -
                  - 1851.12646484375
                  - 2591.142822265625
               -
                  - 1867.1151123046875
                  - 2593.09375
               -
                  - 1883.1629638671875
                  - 2594.046630859375
               -
                  - 1899.210693359375
                  - 2594.999267578125
               -
                  - 1915.19921875
                  - 2596.949951171875
               -
                  - 1931.2470703125
                  - 2597.90283203125
               -
                  - 1947.2357177734375
                  - 2599.853759765625
               -
                  - 1963.2835693359375
                  - 2600.806640625
               -
                  - 1979.3314208984375
                  - 2601.75927734375
               -
                  - 1995.3199462890625
                  - 2603.710205078125
               -
                  - 2011.36767578125
                  - 2604.6630859375
            prev_branch_points:
               []
            next_branch_points:
               []
            local_scale: 823.685546875
            verification_roi_radius: 41
            candidate_radius: 0
            branch_search_radius: 0
            direction_consistency_score: 1.
            local_layout_score: 1.
            verification_quality: 1.
            coarse_to_verified_displacement: 0.
            coarse_to_subpix_displacement: 13.599039077758789
            coarse_to_refined_displacement: 13.599039077758789
            corner_marker_width: 205.92138671875
            image_line_corner:
               - 0.
               - 0.
            prev_image_line_residual: 0.
            next_image_line_residual: 0.
            prev_image_line_support_count: 0
            next_image_line_support_count: 0
            image_line_valid: 0
            line_refinement_success: 1
            line_refinement_quality: 0.83728943104773035
            line_jump: 15.017809867858887
            line_jump_limit: 0.
            line_inside: 1
            line_seed_gap: 15.017809867858887
            line_seed_accepted: 1
            spherical_corner:
               - 1733.548828125
               - 2589.872314453125
            prev_spherical_curve_points:
               []
            next_spherical_curve_points:
               []
            prev_spherical_residual: 0.
            next_spherical_residual: 0.
            prev_spherical_support_count: 0
            next_spherical_support_count: 0
            spherical_refinement_valid: 0
            spherical_refinement_applied: 0
            spherical_failure_reason: ""
            subpix_window_radius: 31
            refine_displacement_limit: 0.
            refined_valid: 1
            verification_passed: 1
            subpix_applied: 1
            failure_reason: cs_only
         -
            corner_index: 1
            coarse_corner:
               - 2593.254150390625
               - 2640.911865234375
            verified_corner:
               - 2593.254150390625
               - 2640.911865234375
            subpix_corner:
               - 2587.69775390625
               - 2636.0458984375
