%YAML:1.0
---
format_version: outer_detection_cache_v2
absolute_image_path: "/Users/linzhaoxian/lzx-ws/project/calibr/tartancalib/image/dataset_4-22/right_record_20260421_140151/right_vimbax_camera_right_image_raw_000087_843348015000.png"
image_file_size: 6580594
image_mtime: 1776751356
detector_config_hash: a5f7c893e3a5f9e3
image_size:
   - 4512
   - 4512
requested_board_ids:
   - 1
   - 2
   - 3
   - 4
   - 5
detections:
   -
      success: 1
      board_id: 1
      detected_tag_id: 1
      original_longest_side: 4512
      chosen_scale_longest_side: 2256
      chosen_scale_factor: 0.5
      scale_configuration_mode: fixed_schedule
      used_corner_fusion: 1
      hamming: 0
      good: 1
      attempted_local_patch_rescue: 0
      used_local_patch_rescue: 0
      local_patch_rescue_summary: ""
      quality: 0.95197753517211581
      failure_reason: 0
      failure_reason_text: None
      coarse_corners_scaled_image:
         -
            - 879.73114013671875
            - 1273.63818359375
         -
            - 1260.440185546875
            - 1296.0965576171875
         -
            - 1272.2818603515625
            - 908.464111328125
         -
            - 899.865234375
            - 904.99810791015625
      coarse_corners_original_image:
         -
            - 1759.4622802734375
            - 2547.2763671875
         -
            - 2520.88037109375
            - 2592.193115234375
         -
            - 2544.563720703125
            - 1816.92822265625
         -
            - 1799.73046875
            - 1809.9962158203125
      refined_corners_original_image:
         -
            - 1768.5738525390625
            - 2544.2451171875
         -
            - 2517.52685546875
            - 2588.829833984375
         -
            - 2540.5947265625
            - 1825.2711181640625
         -
            - 1808.1026611328125
            - 1818.70751953125
      refined_valid:
         - 1
         - 1
         - 1
         - 1
      successful_scale_longest_sides:
         - 2256
         - 1805
         - 1289
         - 1003
         - 752
         - 564
         - 376
      corner_verification_debug:
         -
            corner_index: 0
            coarse_corner:
               - 1759.4622802734375
               - 2547.2763671875
            verified_corner:
               - 1759.4622802734375
               - 2547.2763671875
            subpix_corner:
               - 1768.5738525390625
               - 2544.2451171875
            verification_roi:
               - 1722
               - 2510
               - 76
               - 76
            prev_edge_direction:
               - 0.054535932838916779
               - -0.99851179122924805
            next_edge_direction:
               - 0.9982646107673645
               - 0.058888539671897888
            prev_marker_support_points:
               -
                  - 1768.1640625
                  - 2514.47509765625
               -
                  - 1768.915771484375
                  - 2500.71240234375
               -
                  - 1768.6689453125
                  - 2486.8955078125
               -
                  - 1768.422119140625
                  - 2473.078369140625
               -
                  - 1769.1737060546875
                  - 2459.31591796875
               -
                  - 1768.9268798828125
                  - 2445.49853515625
               -
                  - 1769.6785888671875
                  - 2431.736083984375
               -
                  - 1769.431640625
                  - 2417.9189453125
               -
                  - 1770.183349609375
                  - 2404.156494140625
               -
                  - 1769.9366455078125
                  - 2390.339111328125
               -
                  - 1770.6883544921875
                  - 2376.57666015625
               -
                  - 1770.44140625
                  - 2362.759521484375
               -
                  - 1771.193115234375
                  - 2348.9970703125
               -
                  - 1770.9462890625
                  - 2335.18017578125
               -
                  - 1771.6978759765625
                  - 2321.41748046875
               -
                  - 1772.4495849609375
                  - 2307.655029296875
            next_marker_support_points:
               -
                  - 1792.802490234375
                  - 2546.338134765625
               -
                  - 1806.956787109375
                  - 2548.1748046875
               -
                  - 1821.169921875
                  - 2549.01318359375
               -
                  - 1835.3240966796875
                  - 2550.849853515625
               -
                  - 1849.5372314453125
                  - 2551.6884765625
               -
                  - 1863.6915283203125
                  - 2553.525146484375
               -
                  - 1877.9046630859375
                  - 2554.363525390625
               -
                  - 1892.1177978515625
                  - 2555.2021484375
               -
                  - 1906.27197265625
                  - 2557.038818359375
               -
                  - 1920.485107421875
                  - 2557.877197265625
               -
                  - 1934.639404296875
                  - 2559.7138671875
               -
                  - 1948.8525390625
                  - 2560.552490234375
               -
                  - 1963.065673828125
                  - 2561.390869140625
               -
                  - 1977.27880859375
                  - 2562.229248046875
               -
                  - 1991.491943359375
                  - 2563.067626953125
               -
                  - 2005.646240234375
                  - 2564.904541015625
            prev_branch_points:
               []
            next_branch_points:
               []
            local_scale: 738.3790283203125
            verification_roi_radius: 37
            candidate_radius: 0
            branch_search_radius: 0
            direction_consistency_score: 1.
            local_layout_score: 1.
            verification_quality: 1.
            coarse_to_verified_displacement: 0.
            coarse_to_subpix_displacement: 9.6025638580322266
            coarse_to_refined_displacement: 9.6025638580322266
            corner_marker_width: 184.59475708007812
            image_line_corner:
               - 0.
               - 0.
            prev_image_line_residual: 0.
            next_image_line_residual: 0.
            prev_image_line_support_count: 0
            next_image_line_support_count: 0
            image_line_valid: 0
            line_refinement_success: 1
            line_refinement_quality: 0.84410854452334139
            line_jump: 8.9115476608276367
            line_jump_limit: 0.
            line_inside: 1
            line_seed_gap: 8.9115476608276367
            line_seed_accepted: 1
            spherical_corner:
               - 1759.4622802734375
               - 2547.2763671875
            prev_spherical_curve_points:
               []
            next_spherical_curve_points:
               []
            prev_spherical_residual: 0.
            next_spherical_residual: 0.
            prev_spherical_support_count: 0
            next_spherical_support_count: 0
            spherical_refinement_valid: 0
            spherical_refinement_applied: 0
            spherical_failure_reason: ""
            subpix_window_radius: 28
            refine_displacement_limit: 0.
            refined_valid: 1
            verification_passed: 1
            subpix_applied: 1
            failure_reason: cs_only
         -
            corner_index: 1
            coarse_corner:
               - 2520.88037109375
               - 2592.193115234375
            verified_corner:
               - 2520.88037109375
               - 2592.193115234375
            subpix_corner:
               - 2517.52685546875
