%YAML:1.0
---
format_version: outer_detection_cache_v2
absolute_image_path: "/Users/linzhaoxian/lzx-ws/project/calibr/tartancalib/image/dataset_4-22/right_record_20260421_140151/right_vimbax_camera_right_image_raw_000112_855371659500.png"
image_file_size: 6556243
image_mtime: 1776751368
detector_config_hash: a5f7c893e3a5f9e3
image_size:
   - 4512
   - 4512
requested_board_ids:
   - 1
   - 2
   - 3
   - 4
   - 5
detections:
   -
      success: 1
      board_id: 1
      detected_tag_id: 1
      original_longest_side: 4512
      chosen_scale_longest_side: 1805
      chosen_scale_factor: 0.40004432624113473
      scale_configuration_mode: fixed_schedule
      used_corner_fusion: 1
      hamming: 0
      good: 1
      attempted_local_patch_rescue: 0
      used_local_patch_rescue: 0
      local_patch_rescue_summary: ""
      quality: 0.95562918587369616
      failure_reason: 0
      failure_reason_text: None
      coarse_corners_scaled_image:
         -
            - 921.2393798828125
            - 1011.7385864257812
         -
            - 1195.4256591796875
            - 1024.529052734375
         -
            - 1198.620849609375
            - 741.69415283203125
         -
            - 928.31878662109375
            - 741.1964111328125
      coarse_corners_original_image:
         -
            - 2302.84326171875
            - 2529.066162109375
         -
            - 2988.233154296875
            - 2561.038818359375
         -
            - 2996.219970703125
            - 1854.0299072265625
         -
            - 2320.539794921875
            - 1852.7857666015625
      refined_corners_original_image:
         -
            - 2303.84814453125
            - 2527.142333984375
         -
            - 2980.389404296875
            - 2558.542724609375
         -
            - 2989.456298828125
            - 1861.7740478515625
         -
            - 2321.31298828125
            - 1858.576171875
      refined_valid:
         - 1
         - 1
         - 1
         - 1
      successful_scale_longest_sides:
         - 1805
         - 1289
         - 1003
         - 752
         - 564
         - 376
      corner_verification_debug:
         -
            corner_index: 0
            coarse_corner:
               - 2302.84326171875
               - 2529.066162109375
            verified_corner:
               - 2302.84326171875
               - 2529.066162109375
            subpix_corner:
               - 2303.84814453125
               - 2527.142333984375
            verification_roi:
               - 2268
               - 2495
               - 70
               - 70
            prev_edge_direction:
               - 0.026158494874835014
               - -0.99965780973434448
            next_edge_direction:
               - 0.99891370534896851
               - 0.046598184853792191
            prev_marker_support_points:
               -
                  - 2304.439453125
                  - 2498.654541015625
               -
                  - 2304.769775390625
                  - 2486.03076171875
               -
                  - 2305.10009765625
                  - 2473.40673828125
               -
                  - 2305.430419921875
                  - 2460.78271484375
               -
                  - 2305.7607421875
                  - 2448.158935546875
               -
                  - 2306.091064453125
                  - 2435.53515625
               -
                  - 2306.42138671875
                  - 2422.9111328125
               -
                  - 2306.751708984375
                  - 2410.287109375
               -
                  - 2307.08203125
                  - 2397.663330078125
               -
                  - 2307.412353515625
                  - 2385.03955078125
               -
                  - 2307.74267578125
                  - 2372.41552734375
               -
                  - 2308.072998046875
                  - 2359.79150390625
               -
                  - 2308.4033203125
                  - 2347.167724609375
               -
                  - 2308.73388671875
                  - 2334.5439453125
               -
                  - 2310.063720703125
                  - 2321.946044921875
               -
                  - 2309.39453125
                  - 2309.296142578125
            next_marker_support_points:
               -
                  - 2333.383544921875
                  - 2527.68798828125
               -
                  - 2346.131103515625
                  - 2529.283447265625
               -
                  - 2358.925048828125
                  - 2529.88037109375
               -
                  - 2371.718994140625
                  - 2530.47705078125
               -
                  - 2384.46630859375
                  - 2532.072998046875
               -
                  - 2397.26025390625
                  - 2532.669677734375
               -
                  - 2410.05419921875
                  - 2533.2666015625
               -
                  - 2422.84814453125
                  - 2533.863525390625
               -
                  - 2435.595458984375
                  - 2535.458984375
               -
                  - 2448.389404296875
                  - 2536.055908203125
               -
                  - 2461.183349609375
                  - 2536.652587890625
               -
                  - 2473.977294921875
                  - 2537.24951171875
               -
                  - 2486.724609375
                  - 2538.845458984375
               -
                  - 2499.5185546875
                  - 2539.442138671875
               -
                  - 2512.3125
                  - 2540.0390625
               -
                  - 2525.1064453125
                  - 2540.6357421875
            prev_branch_points:
               []
            next_branch_points:
               []
            local_scale: 676.51190185546875
            verification_roi_radius: 34
            candidate_radius: 0
            branch_search_radius: 0
            direction_consistency_score: 1.
            local_layout_score: 1.
            verification_quality: 1.
            coarse_to_verified_displacement: 0.
            coarse_to_subpix_displacement: 2.1704616546630859
            coarse_to_refined_displacement: 2.1704616546630859
            corner_marker_width: 169.12797546386719
            image_line_corner:
               - 0.
               - 0.
            prev_image_line_residual: 0.
            next_image_line_residual: 0.
            prev_image_line_support_count: 0
            next_image_line_support_count: 0
            image_line_valid: 0
            line_refinement_success: 1
            line_refinement_quality: 0.88140550173591614
            line_jump: 2.8230347633361816
            line_jump_limit: 0.
            line_inside: 1
            line_seed_gap: 2.8230347633361816
            line_seed_accepted: 1
            spherical_corner:
               - 2302.84326171875
               - 2529.066162109375
            prev_spherical_curve_points:
               []
            next_spherical_curve_points:
               []
            prev_spherical_residual: 0.
            next_spherical_residual: 0.
            prev_spherical_support_count: 0
            next_spherical_support_count: 0
            spherical_refinement_valid: 0
            spherical_refinement_applied: 0
            spherical_failure_reason: ""
            subpix_window_radius: 25
            refine_displacement_limit: 0.
            refined_valid: 1
            verification_passed: 1
            subpix_applied: 1
            failure_reason: cs_only
         -
            corner_index: 1
            coarse_corner:
               - 2988.233154296875
               - 2561.038818359375
            verified_corner:
               - 2988.233154296875
               - 2561.038818359375
            subpix_corner:
               - 2980.389404296875
