%YAML:1.0
---
format_version: outer_detection_cache_v2
absolute_image_path: "/Users/linzhaoxian/lzx-ws/project/calibr/tartancalib/image/dataset_4-22/right_record_20260421_140151/right_vimbax_camera_right_image_raw_000103_851043147500.png"
image_file_size: 6298496
image_mtime: 1776751364
detector_config_hash: a5f7c893e3a5f9e3
image_size:
   - 4512
   - 4512
requested_board_ids:
   - 1
   - 2
   - 3
   - 4
   - 5
detections:
   -
      success: 1
      board_id: 1
      detected_tag_id: 1
      original_longest_side: 4512
      chosen_scale_longest_side: 1805
      chosen_scale_factor: 0.40004432624113473
      scale_configuration_mode: fixed_schedule
      used_corner_fusion: 1
      hamming: 0
      good: 1
      attempted_local_patch_rescue: 0
      used_local_patch_rescue: 0
      local_patch_rescue_summary: ""
      quality: 0.96278895853173119
      failure_reason: 0
      failure_reason_text: None
      coarse_corners_scaled_image:
         -
            - 823.24700927734375
            - 1015.2833862304688
         -
            - 1094.1390380859375
            - 1026.7314453125
         -
            - 1099.070068359375
            - 751.5657958984375
         -
            - 830.69818115234375
            - 750.419189453125
      coarse_corners_original_image:
         -
            - 2057.889404296875
            - 2537.92724609375
         -
            - 2735.04443359375
            - 2566.544189453125
         -
            - 2747.370849609375
            - 1878.706298828125
         -
            - 2076.515380859375
            - 1875.840087890625
      refined_corners_original_image:
         -
            - 2070.30908203125
            - 2536.767578125
         -
            - 2737.02197265625
            - 2564.270263671875
         -
            - 2756.322021484375
            - 1887.135986328125
         -
            - 2091.69189453125
            - 1882.1988525390625
      refined_valid:
         - 1
         - 1
         - 1
         - 1
      successful_scale_longest_sides:
         - 1805
         - 1289
         - 1003
         - 752
         - 564
         - 376
      corner_verification_debug:
         -
            corner_index: 0
            coarse_corner:
               - 2057.889404296875
               - 2537.92724609375
            verified_corner:
               - 2057.889404296875
               - 2537.92724609375
            subpix_corner:
               - 2070.30908203125
               - 2536.767578125
            verification_roi:
               - 2024
               - 2504
               - 68
               - 68
            prev_edge_direction:
               - 0.028121085837483406
               - -0.99960452318191528
            next_edge_direction:
               - 0.99910819530487061
               - 0.04222286120057106
            prev_marker_support_points:
               -
                  - 2063.825439453125
                  - 2508.276611328125
               -
                  - 2063.173583984375
                  - 2495.8896484375
               -
                  - 2064.520751953125
                  - 2483.558837890625
               -
                  - 2052.873291015625
                  - 2470.8623046875
               -
                  - 2062.217529296875
                  - 2458.756591796875
               -
                  - 2062.565185546875
                  - 2446.397705078125
               -
                  - 2064.912109375
                  - 2434.0947265625
               -
                  - 2063.260498046875
                  - 2421.6796875
               -
                  - 2062.608642578125
                  - 2409.292724609375
               -
                  - 2064.95556640625
                  - 2396.98974609375
               -
                  - 2063.303955078125
                  - 2384.57470703125
               -
                  - 2067.64990234375
                  - 2372.328125
               -
                  - 2063.99951171875
                  - 2359.856689453125
               -
                  - 2064.34716796875
                  - 2347.497802734375
               -
                  - 2065.6943359375
                  - 2335.1669921875
               -
                  - 2066.0419921875
                  - 2322.80810546875
            next_marker_support_points:
               -
                  - 2087.757080078125
                  - 2537.087646484375
               -
                  - 2100.355224609375
                  - 2538.620849609375
               -
                  - 2112.995361328125
                  - 2539.155029296875
               -
                  - 2125.59326171875
                  - 2540.6884765625
               -
                  - 2138.233642578125
                  - 2541.22265625
               -
                  - 2150.873779296875
                  - 2541.7568359375
               -
                  - 2163.51416015625
                  - 2542.291015625
               -
                  - 2176.112060546875
                  - 2543.82421875
               -
                  - 2188.752197265625
                  - 2544.3583984375
               -
                  - 2201.392578125
                  - 2544.892578125
               -
                  - 2214.03271484375
                  - 2545.4267578125
               -
                  - 2226.630615234375
                  - 2546.9599609375
               -
                  - 2239.27099609375
                  - 2547.494140625
               -
                  - 2251.9111328125
                  - 2548.0283203125
               -
                  - 2264.551513671875
                  - 2548.5625
               -
                  - 2277.191650390625
                  - 2549.0966796875
            prev_branch_points:
               []
            next_branch_points:
               []
            local_scale: 662.34912109375
            verification_roi_radius: 33
            candidate_radius: 0
            branch_search_radius: 0
            direction_consistency_score: 1.
            local_layout_score: 1.
            verification_quality: 1.
            coarse_to_verified_displacement: 0.
            coarse_to_subpix_displacement: 12.473701477050781
            coarse_to_refined_displacement: 12.473701477050781
            corner_marker_width: 165.5872802734375
            image_line_corner:
               - 0.
               - 0.
            prev_image_line_residual: 0.
            next_image_line_residual: 0.
            prev_image_line_support_count: 0
            next_image_line_support_count: 0
            image_line_valid: 0
            line_refinement_success: 0
            line_refinement_quality: 0.
            line_jump: 3267.412353515625
            line_jump_limit: 0.
            line_inside: 0
            line_seed_gap: 3267.412353515625
            line_seed_accepted: 0
            spherical_corner:
               - 2057.889404296875
               - 2537.92724609375
            prev_spherical_curve_points:
               []
            next_spherical_curve_points:
               []
            prev_spherical_residual: 0.
            next_spherical_residual: 0.
            prev_spherical_support_count: 0
            next_spherical_support_count: 0
            spherical_refinement_valid: 0
            spherical_refinement_applied: 0
            spherical_failure_reason: ""
            subpix_window_radius: 25
            refine_displacement_limit: 0.
            refined_valid: 1
            verification_passed: 1
            subpix_applied: 1
            failure_reason: cs_only
         -
            corner_index: 1
            coarse_corner:
               - 2735.04443359375
               - 2566.544189453125
            verified_corner:
               - 2735.04443359375
               - 2566.544189453125
            subpix_corner:
               - 2737.02197265625
               - 2564.270263671875
            verification_roi:
