%YAML:1.0
---
format_version: outer_detection_cache_v2
absolute_image_path: "/Users/linzhaoxian/lzx-ws/project/calibr/tartancalib/image/dataset_4-22/right_record_20260421_140151/right_vimbax_camera_right_image_raw_000114_856333551000.png"
image_file_size: 6553416
image_mtime: 1776751369
detector_config_hash: a5f7c893e3a5f9e3
image_size:
   - 4512
   - 4512
requested_board_ids:
   - 1
   - 2
   - 3
   - 4
   - 5
detections:
   -
      success: 1
      board_id: 1
      detected_tag_id: 1
      original_longest_side: 4512
      chosen_scale_longest_side: 3008
      chosen_scale_factor: 0.66666666666666663
      scale_configuration_mode: fixed_schedule
      used_corner_fusion: 1
      hamming: 0
      good: 1
      attempted_local_patch_rescue: 0
      used_local_patch_rescue: 0
      local_patch_rescue_summary: ""
      quality: 0.95286442308329489
      failure_reason: 0
      failure_reason_text: None
      coarse_corners_scaled_image:
         -
            - 1535.396484375
            - 1700.1083984375
         -
            - 1989.9886474609375
            - 1720.5377197265625
         -
            - 1989.84912109375
            - 1255.4046630859375
         -
            - 1546.6405029296875
            - 1255.7681884765625
      coarse_corners_original_image:
         -
            - 2303.0947265625
            - 2550.16259765625
         -
            - 2984.98291015625
            - 2580.806640625
         -
            - 2984.773681640625
            - 1883.10693359375
         -
            - 2319.960693359375
            - 1883.6522216796875
      refined_corners_original_image:
         -
            - 2303.654541015625
            - 2548.446533203125
         -
            - 2971.4501953125
            - 2577.048095703125
         -
            - 2978.239013671875
            - 1890.3330078125
         -
            - 2320.563720703125
            - 1889.7015380859375
      refined_valid:
         - 1
         - 1
         - 1
         - 1
      successful_scale_longest_sides:
         - 3008
         - 2256
         - 1805
         - 1289
         - 1003
         - 752
         - 564
         - 376
      corner_verification_debug:
         -
            corner_index: 0
            coarse_corner:
               - 2303.0947265625
               - 2550.16259765625
            verified_corner:
               - 2303.0947265625
               - 2550.16259765625
            subpix_corner:
               - 2303.654541015625
               - 2548.446533203125
            verification_roi:
               - 2270
               - 2517
               - 68
               - 68
            prev_edge_direction:
               - 0.025296783074736595
               - -0.99967998266220093
            next_edge_direction:
               - 0.99899172782897949
               - 0.044894669204950333
            prev_marker_support_points:
               -
                  - 2304.953369140625
                  - 2520.197509765625
               -
                  - 2305.26806640625
                  - 2507.755859375
               -
                  - 2305.5830078125
                  - 2495.314453125
               -
                  - 2305.897705078125
                  - 2482.872802734375
               -
                  - 2306.212646484375
                  - 2470.431396484375
               -
                  - 2307.527099609375
                  - 2458.01513671875
               -
                  - 2306.84228515625
                  - 2445.54833984375
               -
                  - 2308.156982421875
                  - 2433.132080078125
               -
                  - 2307.471923828125
                  - 2420.665283203125
               -
                  - 2307.786865234375
                  - 2408.2236328125
               -
                  - 2309.101318359375
                  - 2395.8076171875
               -
                  - 2309.416259765625
                  - 2383.365966796875
               -
                  - 2309.73095703125
                  - 2370.924560546875
               -
                  - 2310.0458984375
                  - 2358.48291015625
               -
                  - 2309.36083984375
                  - 2346.01611328125
               -
                  - 2310.675537109375
                  - 2333.599853515625
            next_marker_support_points:
               -
                  - 2333.161376953125
                  - 2549.41162109375
               -
                  - 2345.844970703125
                  - 2550.982666015625
               -
                  - 2358.573486328125
                  - 2551.5546875
               -
                  - 2371.302001953125
                  - 2552.126708984375
               -
                  - 2384.03076171875
                  - 2552.69873046875
               -
                  - 2396.71435546875
                  - 2554.269775390625
               -
                  - 2409.44287109375
                  - 2554.841796875
               -
                  - 2422.17138671875
                  - 2555.413818359375
               -
                  - 2434.85546875
                  - 2556.98486328125
               -
                  - 2447.583984375
                  - 2557.556884765625
               -
                  - 2460.3125
                  - 2558.12890625
               -
                  - 2473.041259765625
                  - 2558.700927734375
               -
                  - 2485.769775390625
                  - 2559.27294921875
               -
                  - 2498.498291015625
                  - 2559.844970703125
               -
                  - 2511.226806640625
                  - 2560.4169921875
               -
                  - 2523.95556640625
                  - 2560.989013671875
            prev_branch_points:
               []
            next_branch_points:
               []
            local_scale: 666.7237548828125
            verification_roi_radius: 33
            candidate_radius: 0
            branch_search_radius: 0
            direction_consistency_score: 1.
            local_layout_score: 1.
            verification_quality: 1.
            coarse_to_verified_displacement: 0.
            coarse_to_subpix_displacement: 1.8050676584243774
            coarse_to_refined_displacement: 1.8050676584243774
            corner_marker_width: 166.68093872070312
            image_line_corner:
               - 0.
               - 0.
            prev_image_line_residual: 0.
            next_image_line_residual: 0.
            prev_image_line_support_count: 0
            next_image_line_support_count: 0
            image_line_valid: 0
            line_refinement_success: 1
            line_refinement_quality: 0.86640941678327099
            line_jump: 2.2455060482025146
            line_jump_limit: 0.
            line_inside: 1
            line_seed_gap: 2.2455060482025146
            line_seed_accepted: 1
            spherical_corner:
               - 2303.0947265625
               - 2550.16259765625
            prev_spherical_curve_points:
               []
            next_spherical_curve_points:
               []
            prev_spherical_residual: 0.
            next_spherical_residual: 0.
            prev_spherical_support_count: 0
            next_spherical_support_count: 0
            spherical_refinement_valid: 0
            spherical_refinement_applied: 0
            spherical_failure_reason: ""
            subpix_window_radius: 25
            refine_displacement_limit: 0.
            refined_valid: 1
            verification_passed: 1
            subpix_applied: 1
            failure_reason: cs_only
         -
            corner_index: 1
            coarse_corner:
               - 2984.98291015625
               - 2580.806640625
            verified_corner:
               - 2984.98291015625
               - 2580.806640625
            subpix_corner:
               - 2971.4501953125
