%YAML:1.0
---
format_version: outer_detection_cache_v2
absolute_image_path: "/Users/linzhaoxian/lzx-ws/project/calibr/tartancalib/image/dataset_4-22/right_record_20260421_140151/right_vimbax_camera_right_image_raw_000057_828919641700.png"
image_file_size: 6476516
image_mtime: 1776751341
detector_config_hash: a5f7c893e3a5f9e3
image_size:
   - 4512
   - 4512
requested_board_ids:
   - 1
   - 2
   - 3
   - 4
   - 5
detections:
   -
      success: 1
      board_id: 1
      detected_tag_id: 1
      original_longest_side: 4512
      chosen_scale_longest_side: 2256
      chosen_scale_factor: 0.5
      scale_configuration_mode: fixed_schedule
      used_corner_fusion: 1
      hamming: 0
      good: 1
      attempted_local_patch_rescue: 0
      used_local_patch_rescue: 0
      local_patch_rescue_summary: ""
      quality: 0.9546168564177524
      failure_reason: 0
      failure_reason_text: None
      coarse_corners_scaled_image:
         -
            - 915.36871337890625
            - 1321.0804443359375
         -
            - 1278.24169921875
            - 1335.526611328125
         -
            - 1282.119873046875
            - 964.1700439453125
         -
            - 924.59661865234375
            - 966.677978515625
      coarse_corners_original_image:
         -
            - 1830.7374267578125
            - 2642.160888671875
         -
            - 2556.4833984375
            - 2671.05322265625
         -
            - 2564.23974609375
            - 1928.340087890625
         -
            - 1849.1932373046875
            - 1933.35595703125
      refined_corners_original_image:
         -
            - 1838.6700439453125
            - 2640.366943359375
         -
            - 2547.411865234375
            - 2665.8212890625
         -
            - 2556.554443359375
            - 1936.3189697265625
         -
            - 1855.69921875
            - 1940.17919921875
      refined_valid:
         - 1
         - 1
         - 1
         - 1
      successful_scale_longest_sides:
         - 2256
         - 1805
         - 1289
         - 1003
         - 752
         - 564
         - 376
      corner_verification_debug:
         -
            corner_index: 0
            coarse_corner:
               - 1830.7374267578125
               - 2642.160888671875
            verified_corner:
               - 1830.7374267578125
               - 2642.160888671875
            subpix_corner:
               - 1838.6700439453125
               - 2640.366943359375
            verification_roi:
               - 1795
               - 2607
               - 72
               - 72
            prev_edge_direction:
               - 0.026029104366898537
               - -0.99966120719909668
            next_edge_direction:
               - 0.99920850992202759
               - 0.039779022336006165
            prev_marker_support_points:
               -
                  - 1838.0657958984375
                  - 2610.433837890625
               -
                  - 1837.41064453125
                  - 2597.1767578125
               -
                  - 1837.755126953125
                  - 2583.94580078125
               -
                  - 1837.0999755859375
                  - 2570.688720703125
               -
                  - 1837.4444580078125
                  - 2557.457763671875
               -
                  - 1836.789306640625
                  - 2544.20068359375
               -
                  - 1837.1337890625
                  - 2530.969482421875
               -
                  - 1836.4786376953125
                  - 2517.712646484375
               -
                  - 1836.8231201171875
                  - 2504.481689453125
               -
                  - 1837.1676025390625
                  - 2491.250732421875
               -
                  - 1837.51220703125
                  - 2478.01953125
               -
                  - 1836.8570556640625
                  - 2464.762451171875
               -
                  - 1837.2015380859375
                  - 2451.531494140625
               -
                  - 1836.54638671875
                  - 2438.274169921875
               -
                  - 1836.8909912109375
                  - 2425.043212890625
               -
                  - 1837.2354736328125
                  - 2411.812255859375
            next_marker_support_points:
               -
                  - 1862.3209228515625
                  - 2650.92431640625
               -
                  - 1875.828369140625
                  - 2652.462646484375
               -
                  - 1889.3358154296875
                  - 2654.001220703125
               -
                  - 1902.84326171875
                  - 2655.539794921875
               -
                  - 1916.4302978515625
                  - 2655.079833984375
               -
                  - 1929.937744140625
                  - 2656.618408203125
               -
                  - 1943.4849853515625
                  - 2657.15771484375
               -
                  - 1957.70849609375
                  - 2640.71044921875
               -
                  - 1971.255859375
                  - 2641.249755859375
               -
                  - 1984.7633056640625
                  - 2642.788330078125
               -
                  - 1998.310546875
                  - 2643.32763671875
               -
                  - 2011.8577880859375
                  - 2643.8671875
               -
                  - 2025.365234375
                  - 2645.40576171875
               -
                  - 2038.9124755859375
                  - 2645.945068359375
               -
                  - 2052.459716796875
                  - 2646.484375
               -
                  - 2066.007080078125
                  - 2647.023681640625
            prev_branch_points:
               []
            next_branch_points:
               []
            local_scale: 709.045166015625
            verification_roi_radius: 35
            candidate_radius: 0
            branch_search_radius: 0
            direction_consistency_score: 1.
            local_layout_score: 1.
            verification_quality: 1.
            coarse_to_verified_displacement: 0.
            coarse_to_subpix_displacement: 8.1329364776611328
            coarse_to_refined_displacement: 8.1329364776611328
            corner_marker_width: 177.26129150390625
            image_line_corner:
               - 0.
               - 0.
            prev_image_line_residual: 0.
            next_image_line_residual: 0.
            prev_image_line_support_count: 0
            next_image_line_support_count: 0
            image_line_valid: 0
            line_refinement_success: 0
            line_refinement_quality: 0.
            line_jump: 3214.438232421875
            line_jump_limit: 0.
            line_inside: 0
            line_seed_gap: 3214.438232421875
            line_seed_accepted: 0
            spherical_corner:
               - 1830.7374267578125
               - 2642.160888671875
            prev_spherical_curve_points:
               []
            next_spherical_curve_points:
               []
            prev_spherical_residual: 0.
            next_spherical_residual: 0.
            prev_spherical_support_count: 0
            next_spherical_support_count: 0
            spherical_refinement_valid: 0
            spherical_refinement_applied: 0
            spherical_failure_reason: ""
            subpix_window_radius: 27
            refine_displacement_limit: 0.
            refined_valid: 1
            verification_passed: 1
            subpix_applied: 1
            failure_reason: cs_only
         -
            corner_index: 1
            coarse_corner:
               - 2556.4833984375
               - 2671.05322265625
            verified_corner:
               - 2556.4833984375
               - 2671.05322265625
            subpix_corner:
               - 2547.411865234375
