%YAML:1.0
---
format_version: outer_detection_cache_v2
absolute_image_path: "/Users/linzhaoxian/lzx-ws/project/calibr/tartancalib/image/dataset_4-22/right_record_20260421_140151/right_vimbax_camera_right_image_raw_000100_849600310100.png"
image_file_size: 6370655
image_mtime: 1776751362
detector_config_hash: a5f7c893e3a5f9e3
image_size:
   - 4512
   - 4512
requested_board_ids:
   - 1
   - 2
   - 3
   - 4
   - 5
detections:
   -
      success: 1
      board_id: 1
      detected_tag_id: 1
      original_longest_side: 4512
      chosen_scale_longest_side: 3008
      chosen_scale_factor: 0.66666666666666663
      scale_configuration_mode: fixed_schedule
      used_corner_fusion: 1
      hamming: 0
      good: 1
      attempted_local_patch_rescue: 0
      used_local_patch_rescue: 0
      local_patch_rescue_summary: ""
      quality: 0.96045624738345847
      failure_reason: 0
      failure_reason_text: None
      coarse_corners_scaled_image:
         -
            - 1251.6336669921875
            - 1719.2525634765625
         -
            - 1694.4681396484375
            - 1737.3702392578125
         -
            - 1703.0933837890625
            - 1284.405029296875
         -
            - 1267.9718017578125
            - 1281.3720703125
      coarse_corners_original_image:
         -
            - 1877.450439453125
            - 2578.87890625
         -
            - 2541.7021484375
            - 2606.055419921875
         -
            - 2554.64013671875
            - 1926.6075439453125
         -
            - 1901.9576416015625
            - 1922.05810546875
      refined_corners_original_image:
         -
            - 1883.3221435546875
            - 2576.385986328125
         -
            - 2546.997802734375
            - 2603.476318359375
         -
            - 2559.43310546875
            - 1933.5947265625
         -
            - 1906.4566650390625
            - 1928.0225830078125
      refined_valid:
         - 1
         - 1
         - 1
         - 1
      successful_scale_longest_sides:
         - 3008
         - 2256
         - 1805
         - 1289
         - 1003
         - 752
         - 564
         - 376
      corner_verification_debug:
         -
            corner_index: 0
            coarse_corner:
               - 1877.450439453125
               - 2578.87890625
            verified_corner:
               - 1877.450439453125
               - 2578.87890625
            subpix_corner:
               - 1883.3221435546875
               - 2576.385986328125
            verification_roi:
               - 1844
               - 2545
               - 68
               - 68
            prev_edge_direction:
               - 0.037285909056663513
               - -0.99930465221405029
            next_edge_direction:
               - 0.99916410446166992
               - 0.040878776460886002
            prev_marker_support_points:
               -
                  - 1883.649658203125
                  - 2549.51220703125
               -
                  - 1885.1064453125
                  - 2537.288818359375
               -
                  - 1884.5645751953125
                  - 2524.990966796875
               -
                  - 1884.0228271484375
                  - 2512.69287109375
               -
                  - 1885.4796142578125
                  - 2500.469482421875
               -
                  - 1889.9342041015625
                  - 2488.358154296875
               -
                  - 1890.3917236328125
                  - 2476.097412109375
               -
                  - 1889.849853515625
                  - 2463.79931640625
               -
                  - 1891.306640625
                  - 2451.576171875
               -
                  - 1891.76416015625
                  - 2439.3154296875
               -
                  - 1892.2215576171875
                  - 2427.0546875
               -
                  - 1892.6790771484375
                  - 2414.794189453125
               -
                  - 1893.136474609375
                  - 2402.533447265625
               -
                  - 1893.593994140625
                  - 2390.272705078125
               -
                  - 1894.0513916015625
                  - 2378.01220703125
               -
                  - 1893.5096435546875
                  - 2365.714111328125
            next_marker_support_points:
               -
                  - 1907.0889892578125
                  - 2577.98974609375
               -
                  - 1919.4884033203125
                  - 2578.4970703125
               -
                  - 1931.846923828125
                  - 2580.00341796875
               -
                  - 1944.2462158203125
                  - 2580.5107421875
               -
                  - 1956.6456298828125
                  - 2581.01806640625
               -
                  - 1969.0040283203125
                  - 2582.524658203125
               -
                  - 1981.4034423828125
                  - 2583.031982421875
               -
                  - 1993.8028564453125
                  - 2583.539306640625
               -
                  - 2006.161376953125
                  - 2585.04541015625
               -
                  - 2018.560791015625
                  - 2585.552734375
               -
                  - 2030.9600830078125
                  - 2586.06005859375
               -
                  - 2043.3594970703125
                  - 2586.5673828125
               -
                  - 2055.7587890625
                  - 2587.07470703125
               -
                  - 2068.117431640625
                  - 2588.581298828125
               -
                  - 2080.5166015625
                  - 2589.088623046875
               -
                  - 2092.916015625
                  - 2589.595947265625
            prev_branch_points:
               []
            next_branch_points:
               []
            local_scale: 657.27783203125
            verification_roi_radius: 33
            candidate_radius: 0
            branch_search_radius: 0
            direction_consistency_score: 1.
            local_layout_score: 1.
            verification_quality: 1.
            coarse_to_verified_displacement: 0.
            coarse_to_subpix_displacement: 6.3789935111999512
            coarse_to_refined_displacement: 6.3789935111999512
            corner_marker_width: 164.3194580078125
            image_line_corner:
               - 0.
               - 0.
            prev_image_line_residual: 0.
            next_image_line_residual: 0.
            prev_image_line_support_count: 0
            next_image_line_support_count: 0
            image_line_valid: 0
            line_refinement_success: 1
            line_refinement_quality: 0.85295879570722
            line_jump: 13.576994895935059
            line_jump_limit: 0.
            line_inside: 1
            line_seed_gap: 13.576994895935059
            line_seed_accepted: 1
            spherical_corner:
               - 1877.450439453125
               - 2578.87890625
            prev_spherical_curve_points:
               []
            next_spherical_curve_points:
               []
            prev_spherical_residual: 0.
            next_spherical_residual: 0.
            prev_spherical_support_count: 0
            next_spherical_support_count: 0
            spherical_refinement_valid: 0
            spherical_refinement_applied: 0
            spherical_failure_reason: ""
            subpix_window_radius: 25
            refine_displacement_limit: 0.
            refined_valid: 1
            verification_passed: 1
            subpix_applied: 1
            failure_reason: cs_only
         -
            corner_index: 1
            coarse_corner:
               - 2541.7021484375
               - 2606.055419921875
            verified_corner:
               - 2541.7021484375
               - 2606.055419921875
            subpix_corner:
