%YAML:1.0
---
format_version: outer_detection_cache_v2
absolute_image_path: "/Users/linzhaoxian/lzx-ws/project/calibr/tartancalib/image/dataset_4-22/right_record_20260421_140151/right_vimbax_camera_right_image_raw_000091_845271798100.png"
image_file_size: 6573413
image_mtime: 1776751358
detector_config_hash: a5f7c893e3a5f9e3
image_size:
   - 4512
   - 4512
requested_board_ids:
   - 1
   - 2
   - 3
   - 4
   - 5
detections:
   -
      success: 1
      board_id: 1
      detected_tag_id: 1
      original_longest_side: 4512
      chosen_scale_longest_side: 2256
      chosen_scale_factor: 0.5
      scale_configuration_mode: fixed_schedule
      used_corner_fusion: 1
      hamming: 0
      good: 1
      attempted_local_patch_rescue: 0
      used_local_patch_rescue: 0
      local_patch_rescue_summary: ""
      quality: 0.9522319361762086
      failure_reason: 0
      failure_reason_text: None
      coarse_corners_scaled_image:
         -
            - 879.86016845703125
            - 1273.5751953125
         -
            - 1261.2073974609375
            - 1296.4757080078125
         -
            - 1273.385009765625
            - 908.54376220703125
         -
            - 900.70135498046875
            - 904.58013916015625
      coarse_corners_original_image:
         -
            - 1759.7203369140625
            - 2547.150390625
         -
            - 2522.414794921875
            - 2592.951416015625
         -
            - 2546.77001953125
            - 1817.0875244140625
         -
            - 1801.4027099609375
            - 1809.1602783203125
      refined_corners_original_image:
         -
            - 1769.0140380859375
            - 2543.92236328125
         -
            - 2519.012939453125
            - 2589.279541015625
         -
            - 2542.81884765625
            - 1825.2947998046875
         -
            - 1809.640380859375
            - 1817.7135009765625
      refined_valid:
         - 1
         - 1
         - 1
         - 1
      successful_scale_longest_sides:
         - 2256
         - 1805
         - 1289
         - 1003
         - 752
         - 564
         - 376
      corner_verification_debug:
         -
            corner_index: 0
            coarse_corner:
               - 1759.7203369140625
               - 2547.150390625
            verified_corner:
               - 1759.7203369140625
               - 2547.150390625
            subpix_corner:
               - 1769.0140380859375
               - 2543.92236328125
            verification_roi:
               - 1722
               - 2510
               - 76
               - 76
            prev_edge_direction:
               - 0.056391060352325439
               - -0.9984087347984314
            next_edge_direction:
               - 0.99820178747177124
               - 0.059943616390228271
            prev_marker_support_points:
               -
                  - 1768.485107421875
                  - 2514.330078125
               -
                  - 1769.26318359375
                  - 2500.55419921875
               -
                  - 1769.0428466796875
                  - 2486.721923828125
               -
                  - 1768.822509765625
                  - 2472.8896484375
               -
                  - 1769.6005859375
                  - 2459.114013671875
               -
                  - 1769.3802490234375
                  - 2445.28173828125
               -
                  - 1770.1583251953125
                  - 2431.505859375
               -
                  - 1769.9378662109375
                  - 2417.673828125
               -
                  - 1770.7159423828125
                  - 2403.89794921875
               -
                  - 1770.49560546875
                  - 2390.065673828125
               -
                  - 1771.273681640625
                  - 2376.289794921875
               -
                  - 1771.0533447265625
                  - 2362.457763671875
               -
                  - 1771.8314208984375
                  - 2348.681884765625
               -
                  - 1771.611083984375
                  - 2334.849609375
               -
                  - 1772.38916015625
                  - 2321.07373046875
               -
                  - 1773.167236328125
                  - 2307.298095703125
            next_marker_support_points:
               -
                  - 1793.0968017578125
                  - 2546.24951171875
               -
                  - 1807.2738037109375
                  - 2548.102783203125
               -
                  - 1821.5108642578125
                  - 2548.957763671875
               -
                  - 1835.747802734375
                  - 2549.812744140625
               -
                  - 1849.9248046875
                  - 2551.66552734375
               -
                  - 1864.1617431640625
                  - 2552.5205078125
               -
                  - 1878.3387451171875
                  - 2554.373779296875
               -
                  - 1892.5758056640625
                  - 2555.228759765625
               -
                  - 1906.7528076171875
                  - 2557.081787109375
               -
                  - 1920.98974609375
                  - 2557.936767578125
               -
                  - 1935.2266845703125
                  - 2558.791748046875
               -
                  - 1949.463623046875
                  - 2559.646728515625
               -
                  - 1963.6407470703125
                  - 2561.5
               -
                  - 1977.877685546875
                  - 2562.354736328125
               -
                  - 1992.1146240234375
                  - 2563.209716796875
               -
                  - 2006.3515625
                  - 2564.064697265625
            prev_branch_points:
               []
            next_branch_points:
               []
            local_scale: 739.16632080078125
            verification_roi_radius: 37
            candidate_radius: 0
            branch_search_radius: 0
            direction_consistency_score: 1.
            local_layout_score: 1.
            verification_quality: 1.
            coarse_to_verified_displacement: 0.
            coarse_to_subpix_displacement: 9.8383455276489258
            coarse_to_refined_displacement: 9.8383455276489258
            corner_marker_width: 184.79158020019531
            image_line_corner:
               - 0.
               - 0.
            prev_image_line_residual: 0.
            next_image_line_residual: 0.
            prev_image_line_support_count: 0
            next_image_line_support_count: 0
            image_line_valid: 0
            line_refinement_success: 1
            line_refinement_quality: 0.86251114250323946
            line_jump: 8.994171142578125
            line_jump_limit: 0.
            line_inside: 1
            line_seed_gap: 8.994171142578125
            line_seed_accepted: 1
            spherical_corner:
               - 1759.7203369140625
               - 2547.150390625
            prev_spherical_curve_points:
               []
            next_spherical_curve_points:
               []
            prev_spherical_residual: 0.
            next_spherical_residual: 0.
            prev_spherical_support_count: 0
            next_spherical_support_count: 0
            spherical_refinement_valid: 0
            spherical_refinement_applied: 0
            spherical_failure_reason: ""
            subpix_window_radius: 28
            refine_displacement_limit: 0.
            refined_valid: 1
            verification_passed: 1
            subpix_applied: 1
            failure_reason: cs_only
         -
            corner_index: 1
            coarse_corner:
               - 2522.414794921875
               - 2592.951416015625
            verified_corner:
               - 2522.414794921875
               - 2592.951416015625
            subpix_corner:
