%YAML:1.0
---
format_version: outer_detection_cache_v2
absolute_image_path: "/Users/linzhaoxian/lzx-ws/project/calibr/tartancalib/image/dataset_4-22/right_record_20260421_140151/right_vimbax_camera_right_image_raw_000084_841905177700.png"
image_file_size: 6539214
image_mtime: 1776751354
detector_config_hash: a5f7c893e3a5f9e3
image_size:
   - 4512
   - 4512
requested_board_ids:
   - 1
   - 2
   - 3
   - 4
   - 5
detections:
   -
      success: 1
      board_id: 1
      detected_tag_id: 1
      original_longest_side: 4512
      chosen_scale_longest_side: 3008
      chosen_scale_factor: 0.66666666666666663
      scale_configuration_mode: fixed_schedule
      used_corner_fusion: 1
      hamming: 0
      good: 1
      attempted_local_patch_rescue: 0
      used_local_patch_rescue: 0
      local_patch_rescue_summary: ""
      quality: 0.94973560489595954
      failure_reason: 0
      failure_reason_text: None
      coarse_corners_scaled_image:
         -
            - 1178.3797607421875
            - 1712.7601318359375
         -
            - 1683.4859619140625
            - 1740.6285400390625
         -
            - 1696.7122802734375
            - 1224.6328125
         -
            - 1204.1815185546875
            - 1223.2191162109375
      coarse_corners_original_image:
         -
            - 1767.5697021484375
            - 2569.14013671875
         -
            - 2525.22900390625
            - 2610.94287109375
         -
            - 2545.068359375
            - 1836.94921875
         -
            - 1806.272216796875
            - 1834.82861328125
      refined_corners_original_image:
         -
            - 1778.723388671875
            - 2570.337646484375
         -
            - 2522.30615234375
            - 2611.833740234375
         -
            - 2541.984130859375
            - 1853.17333984375
         -
            - 1814.252197265625
            - 1851.2978515625
      refined_valid:
         - 1
         - 1
         - 1
         - 1
      successful_scale_longest_sides:
         - 3008
         - 2256
         - 1805
         - 1289
         - 1003
         - 752
         - 564
         - 376
      corner_verification_debug:
         -
            corner_index: 0
            coarse_corner:
               - 1767.5697021484375
               - 2569.14013671875
            verified_corner:
               - 1767.5697021484375
               - 2569.14013671875
            subpix_corner:
               - 1778.723388671875
               - 2570.337646484375
            verification_roi:
               - 1730
               - 2532
               - 76
               - 76
            prev_edge_direction:
               - 0.052632797509431839
               - -0.99861389398574829
            next_edge_direction:
               - 0.9984813928604126
               - 0.055089738219976425
            prev_marker_support_points:
               -
                  - 1779.197509765625
                  - 2536.6171875
               -
                  - 1779.9200439453125
                  - 2522.909912109375
               -
                  - 1779.6439208984375
                  - 2509.150390625
               -
                  - 1779.36767578125
                  - 2495.390380859375
               -
                  - 1779.0914306640625
                  - 2481.630859375
               -
                  - 1779.81396484375
                  - 2467.923583984375
               -
                  - 1779.537841796875
                  - 2454.163818359375
               -
                  - 1781.2587890625
                  - 2440.50927734375
               -
                  - 1780.9827880859375
                  - 2426.74951171875
               -
                  - 1780.70654296875
                  - 2412.989501953125
               -
                  - 1781.428955078125
                  - 2399.282470703125
               -
                  - 1781.15283203125
                  - 2385.522705078125
               -
                  - 1781.8753662109375
                  - 2371.815673828125
               -
                  - 1781.59912109375
                  - 2358.0556640625
               -
                  - 1782.321533203125
                  - 2344.3486328125
               -
                  - 1783.0440673828125
                  - 2330.641357421875
            next_marker_support_points:
               -
                  - 1800.1080322265625
                  - 2580.04931640625
               -
                  - 1814.1959228515625
                  - 2581.828125
               -
                  - 1828.3388671875
                  - 2582.6083984375
               -
                  - 1842.4267578125
                  - 2584.38720703125
               -
                  - 1856.56982421875
                  - 2585.16748046875
               -
                  - 1871.8145751953125
                  - 2565.978271484375
               -
                  - 1885.95751953125
                  - 2566.758544921875
               -
                  - 1900.1004638671875
                  - 2567.538818359375
               -
                  - 1914.1883544921875
                  - 2569.317626953125
               -
                  - 1928.331298828125
                  - 2570.097900390625
               -
                  - 1942.4742431640625
                  - 2570.878173828125
               -
                  - 1956.6171875
                  - 2571.65869140625
               -
                  - 1970.705078125
                  - 2573.4375
               -
                  - 1984.84814453125
                  - 2574.2177734375
               -
                  - 1998.9910888671875
                  - 2574.998046875
               -
                  - 2013.0789794921875
                  - 2576.776611328125
            prev_branch_points:
               []
            next_branch_points:
               []
            local_scale: 735.33074951171875
            verification_roi_radius: 37
            candidate_radius: 0
            branch_search_radius: 0
            direction_consistency_score: 1.
            local_layout_score: 1.
            verification_quality: 1.
            coarse_to_verified_displacement: 0.
            coarse_to_subpix_displacement: 11.217787742614746
            coarse_to_refined_displacement: 11.217787742614746
            corner_marker_width: 183.83268737792969
            image_line_corner:
               - 0.
               - 0.
            prev_image_line_residual: 0.
            next_image_line_residual: 0.
            prev_image_line_support_count: 0
            next_image_line_support_count: 0
            image_line_valid: 0
            line_refinement_success: 0
            line_refinement_quality: 0.
            line_jump: 3118.45849609375
            line_jump_limit: 0.
            line_inside: 0
            line_seed_gap: 3118.45849609375
            line_seed_accepted: 0
            spherical_corner:
               - 1767.5697021484375
               - 2569.14013671875
            prev_spherical_curve_points:
               []
            next_spherical_curve_points:
               []
            prev_spherical_residual: 0.
            next_spherical_residual: 0.
            prev_spherical_support_count: 0
            next_spherical_support_count: 0
            spherical_refinement_valid: 0
            spherical_refinement_applied: 0
            spherical_failure_reason: ""
            subpix_window_radius: 28
            refine_displacement_limit: 0.
            refined_valid: 1
            verification_passed: 1
            subpix_applied: 1
            failure_reason: cs_only
         -
            corner_index: 1
            coarse_corner:
               - 2525.22900390625
               - 2610.94287109375
            verified_corner:
               - 2525.22900390625
               - 2610.94287109375
            subpix_corner:
               - 2522.30615234375
