%YAML:1.0
---
format_version: outer_detection_cache_v2
absolute_image_path: "/Users/linzhaoxian/lzx-ws/project/calibr/tartancalib/image/dataset_4-22/right_record_20260421_140151/right_vimbax_camera_right_image_raw_000333_963584459500.png"
image_file_size: 6592836
image_mtime: 1776751478
detector_config_hash: a5f7c893e3a5f9e3
image_size:
   - 4512
   - 4512
requested_board_ids:
   - 1
   - 2
   - 3
   - 4
   - 5
detections:
   -
      success: 1
      board_id: 1
      detected_tag_id: 1
      original_longest_side: 4512
      chosen_scale_longest_side: 1003
      chosen_scale_factor: 0.22229609929078015
      scale_configuration_mode: fixed_schedule
      used_corner_fusion: 1
      hamming: 0
      good: 1
      attempted_local_patch_rescue: 0
      used_local_patch_rescue: 0
      local_patch_rescue_summary: ""
      quality: 0.9721102018544584
      failure_reason: 0
      failure_reason_text: None
      coarse_corners_scaled_image:
         -
            - 414.6021728515625
            - 506.61993408203125
         -
            - 570.9739990234375
            - 513.91876220703125
         -
            - 577.12164306640625
            - 357.10507202148438
         -
            - 420.365234375
            - 354.17153930664062
      coarse_corners_original_image:
         -
            - 1865.0897216796875
            - 2279.031982421875
         -
            - 2568.529052734375
            - 2311.86572265625
         -
            - 2596.184326171875
            - 1606.438720703125
         -
            - 1891.014892578125
            - 1593.2423095703125
      refined_corners_original_image:
         -
            - 1872.8515625
            - 2282.01611328125
         -
            - 2566.144775390625
            - 2314.569091796875
         -
            - 2592.751220703125
            - 1618.90625
         -
            - 1898.880126953125
            - 1605.428955078125
      refined_valid:
         - 1
         - 1
         - 1
         - 1
      successful_scale_longest_sides:
         - 1003
         - 752
         - 564
         - 376
      corner_verification_debug:
         -
            corner_index: 0
            coarse_corner:
               - 1865.0897216796875
               - 2279.031982421875
            verified_corner:
               - 1865.0897216796875
               - 2279.031982421875
            subpix_corner:
               - 1872.8515625
               - 2282.01611328125
            verification_roi:
               - 1831
               - 2245
               - 70
               - 70
            prev_edge_direction:
               - 0.037776399403810501
               - -0.99928617477416992
            next_edge_direction:
               - 0.99891245365142822
               - 0.046625245362520218
            prev_marker_support_points:
               -
                  - 1873.051513671875
                  - 2248.42822265625
               -
                  - 1872.5361328125
                  - 2235.589111328125
               -
                  - 1873.0201416015625
                  - 2222.78759765625
               -
                  - 1872.5047607421875
                  - 2209.94873046875
               -
                  - 1872.98876953125
                  - 2197.147216796875
               -
                  - 1872.4732666015625
                  - 2184.307861328125
               -
                  - 1872.9571533203125
                  - 2171.506591796875
               -
                  - 1873.441162109375
                  - 2158.705078125
               -
                  - 1873.925048828125
                  - 2145.90380859375
               -
                  - 1873.4097900390625
                  - 2133.064453125
               -
                  - 1873.8936767578125
                  - 2120.26318359375
               -
                  - 1874.377685546875
                  - 2107.461669921875
               -
                  - 1873.8623046875
                  - 2094.622802734375
               -
                  - 1874.34619140625
                  - 2081.8212890625
               -
                  - 1874.8302001953125
                  - 2069.019775390625
               -
                  - 1875.3140869140625
                  - 2056.218505859375
            next_marker_support_points:
               -
                  - 1895.742919921875
                  - 2284.667236328125
               -
                  - 1908.873779296875
                  - 2285.280029296875
               -
                  - 1922.004638671875
                  - 2285.89306640625
               -
                  - 1935.0888671875
                  - 2287.5048828125
               -
                  - 1948.266357421875
                  - 2287.118896484375
               -
                  - 1961.3505859375
                  - 2288.730712890625
               -
                  - 1974.4814453125
                  - 2289.343505859375
               -
                  - 1987.6123046875
                  - 2289.95654296875
               -
                  - 2000.789794921875
                  - 2289.5703125
               -
                  - 2013.8741455078125
                  - 2291.182373046875
               -
                  - 2026.9117431640625
                  - 2293.79296875
               -
                  - 2040.1358642578125
                  - 2292.408203125
               -
                  - 2053.2666015625
                  - 2293.02099609375
               -
                  - 2066.3974609375
                  - 2293.6337890625
               -
                  - 2079.5283203125
                  - 2294.246826171875
               -
                  - 2092.6591796875
                  - 2294.859619140625
            prev_branch_points:
               []
            next_branch_points:
               []
            local_scale: 686.279541015625
            verification_roi_radius: 34
            candidate_radius: 0
            branch_search_radius: 0
            direction_consistency_score: 1.
            local_layout_score: 1.
            verification_quality: 1.
            coarse_to_verified_displacement: 0.
            coarse_to_subpix_displacement: 8.3157205581665039
            coarse_to_refined_displacement: 8.3157205581665039
            corner_marker_width: 171.56988525390625
            image_line_corner:
               - 0.
               - 0.
            prev_image_line_residual: 0.
            next_image_line_residual: 0.
            prev_image_line_support_count: 0
            next_image_line_support_count: 0
            image_line_valid: 0
            line_refinement_success: 1
            line_refinement_quality: 0.71230200335775717
            line_jump: 8.3524761199951172
            line_jump_limit: 0.
            line_inside: 1
            line_seed_gap: 8.3524761199951172
            line_seed_accepted: 1
            spherical_corner:
               - 1865.0897216796875
               - 2279.031982421875
            prev_spherical_curve_points:
               []
            next_spherical_curve_points:
               []
            prev_spherical_residual: 0.
            next_spherical_residual: 0.
            prev_spherical_support_count: 0
            next_spherical_support_count: 0
            spherical_refinement_valid: 0
            spherical_refinement_applied: 0
            spherical_failure_reason: ""
            subpix_window_radius: 26
            refine_displacement_limit: 0.
            refined_valid: 1
            verification_passed: 1
            subpix_applied: 1
            failure_reason: cs_only
         -
            corner_index: 1
            coarse_corner:
               - 2568.529052734375
               - 2311.86572265625
            verified_corner:
               - 2568.529052734375
               - 2311.86572265625
            subpix_corner:
               - 2566.144775390625
               - 2314.569091796875
