%YAML:1.0
---
format_version: outer_detection_cache_v2
absolute_image_path: "/Users/linzhaoxian/lzx-ws/project/calibr/tartancalib/image/dataset_4-22/right_record_20260421_140151/right_vimbax_camera_right_image_raw_000234_914047044400.png"
image_file_size: 6228096
image_mtime: 1776751429
detector_config_hash: a5f7c893e3a5f9e3
image_size:
   - 4512
   - 4512
requested_board_ids:
   - 1
   - 2
   - 3
   - 4
   - 5
detections:
   -
      success: 1
      board_id: 1
      detected_tag_id: 1
      original_longest_side: 4512
      chosen_scale_longest_side: 564
      chosen_scale_factor: 0.125
      scale_configuration_mode: fixed_schedule
      used_corner_fusion: 1
      hamming: 1
      good: 1
      attempted_local_patch_rescue: 0
      used_local_patch_rescue: 0
      local_patch_rescue_summary: ""
      quality: 0.5
      failure_reason: 0
      failure_reason_text: None
      coarse_corners_scaled_image:
         -
            - 317.33041381835938
            - 317.81817626953125
         -
            - 379.78173828125
            - 320.13510131835938
         -
            - 381.248046875
            - 255.41421508789062
         -
            - 319.17218017578125
            - 255.03366088867188
      coarse_corners_original_image:
         -
            - 2538.643310546875
            - 2542.54541015625
         -
            - 3038.25390625
            - 2561.080810546875
         -
            - 3049.984375
            - 2043.313720703125
         -
            - 2553.37744140625
            - 2040.269287109375
      refined_corners_original_image:
         -
            - 2539.430908203125
            - 2531.185546875
         -
            - 3035.690673828125
            - 2548.226318359375
         -
            - 3041.05517578125
            - 2029.8477783203125
         -
            - 2552.770263671875
            - 2027.7232666015625
      refined_valid:
         - 1
         - 1
         - 1
         - 1
      successful_scale_longest_sides:
         - 564
         - 376
      corner_verification_debug:
         -
            corner_index: 0
            coarse_corner:
               - 2538.643310546875
               - 2542.54541015625
            verified_corner:
               - 2538.643310546875
               - 2542.54541015625
            subpix_corner:
               - 2539.430908203125
               - 2531.185546875
            verification_roi:
               - 2513
               - 2517
               - 52
               - 52
            prev_edge_direction:
               - 0.029322110116481781
               - -0.99957001209259033
            next_edge_direction:
               - 0.99931252002716064
               - 0.037074189633131027
            prev_marker_support_points:
               -
                  - 2541.802001953125
                  - 2520.13037109375
               -
                  - 2541.077392578125
                  - 2510.725341796875
               -
                  - 2539.353271484375
                  - 2501.290771484375
               -
                  - 2543.626708984375
                  - 2492.0322265625
               -
                  - 2540.90283203125
                  - 2482.568603515625
               -
                  - 2543.17724609375
                  - 2473.251220703125
               -
                  - 2543.4521484375
                  - 2463.87548828125
               -
                  - 2543.727294921875
                  - 2454.49951171875
               -
                  - 2545.001708984375
                  - 2445.153076171875
               -
                  - 2545.27685546875
                  - 2435.77734375
               -
                  - 2542.55322265625
                  - 2426.3134765625
               -
                  - 2545.826904296875
                  - 2417.025634765625
               -
                  - 2546.10205078125
                  - 2407.64990234375
               -
                  - 2544.377685546875
                  - 2398.21533203125
               -
                  - 2545.652587890625
                  - 2388.868896484375
               -
                  - 2543.92822265625
                  - 2379.4345703125
            next_marker_support_points:
               -
                  - 2561.40380859375
                  - 2535.884521484375
               -
                  - 2570.72998046875
                  - 2536.230712890625
               -
                  - 2579.68505859375
                  - 2546.56982421875
               -
                  - 2589.382080078125
                  - 2536.922607421875
               -
                  - 2598.7080078125
                  - 2537.2685546875
               -
                  - 2608.0341796875
                  - 2537.614501953125
               -
                  - 2617.3603515625
                  - 2537.960693359375
               -
                  - 2626.686279296875
                  - 2538.306640625
               -
                  - 2636.012451171875
                  - 2538.652587890625
               -
                  - 2645.33837890625
                  - 2538.99853515625
               -
                  - 2654.66455078125
                  - 2539.344482421875
               -
                  - 2663.990478515625
                  - 2539.690673828125
               -
                  - 2673.316650390625
                  - 2540.03662109375
               -
                  - 2682.642822265625
                  - 2540.382568359375
               -
                  - 2691.96875
                  - 2540.728515625
               -
                  - 2701.294921875
                  - 2541.074462890625
            prev_branch_points:
               []
            next_branch_points:
               []
            local_scale: 499.95431518554688
            verification_roi_radius: 25
            candidate_radius: 0
            branch_search_radius: 0
            direction_consistency_score: 1.
            local_layout_score: 1.
            verification_quality: 1.
            coarse_to_verified_displacement: 0.
            coarse_to_subpix_displacement: 11.387133598327637
            coarse_to_refined_displacement: 11.387133598327637
            corner_marker_width: 124.98857879638672
            image_line_corner:
               - 0.
               - 0.
            prev_image_line_residual: 0.
            next_image_line_residual: 0.
            prev_image_line_support_count: 0
            next_image_line_support_count: 0
            image_line_valid: 0
            line_refinement_success: 1
            line_refinement_quality: 0.64822602118835659
            line_jump: 10.844731330871582
            line_jump_limit: 0.
            line_inside: 1
            line_seed_gap: 10.844731330871582
            line_seed_accepted: 1
            spherical_corner:
               - 2538.643310546875
               - 2542.54541015625
            prev_spherical_curve_points:
               []
            next_spherical_curve_points:
               []
            prev_spherical_residual: 0.
            next_spherical_residual: 0.
            prev_spherical_support_count: 0
            next_spherical_support_count: 0
            spherical_refinement_valid: 0
            spherical_refinement_applied: 0
            spherical_failure_reason: ""
            subpix_window_radius: 19
            refine_displacement_limit: 0.
            refined_valid: 1
            verification_passed: 1
            subpix_applied: 1
            failure_reason: cs_only
         -
            corner_index: 1
            coarse_corner:
               - 3038.25390625
               - 2561.080810546875
            verified_corner:
               - 3038.25390625
               - 2561.080810546875
            subpix_corner:
               - 3035.690673828125
               - 2548.226318359375
            verification_roi:
               - 3013
               - 2536
               - 52
