%YAML:1.0
---
format_version: outer_detection_cache_v2
absolute_image_path: "/Users/linzhaoxian/lzx-ws/project/calibr/tartancalib/image/dataset_4-22/right_record_20260421_140151/right_vimbax_camera_right_image_raw_000060_830362479000.png"
image_file_size: 6508402
image_mtime: 1776751342
detector_config_hash: a5f7c893e3a5f9e3
image_size:
   - 4512
   - 4512
requested_board_ids:
   - 1
   - 2
   - 3
   - 4
   - 5
detections:
   -
      success: 1
      board_id: 1
      detected_tag_id: 1
      original_longest_side: 4512
      chosen_scale_longest_side: 3008
      chosen_scale_factor: 0.66666666666666663
      scale_configuration_mode: fixed_schedule
      used_corner_fusion: 1
      hamming: 0
      good: 1
      attempted_local_patch_rescue: 0
      used_local_patch_rescue: 0
      local_patch_rescue_summary: ""
      quality: 0.94597174290419994
      failure_reason: 0
      failure_reason_text: None
      coarse_corners_scaled_image:
         -
            - 1196.81982421875
            - 1778.7889404296875
         -
            - 1728.2637939453125
            - 1796.7503662109375
         -
            - 1727.80859375
            - 1253.2139892578125
         -
            - 1207.24853515625
            - 1264.7244873046875
      coarse_corners_original_image:
         -
            - 1795.229736328125
            - 2668.183349609375
         -
            - 2592.395751953125
            - 2695.12548828125
         -
            - 2591.712890625
            - 1879.821044921875
         -
            - 1810.872802734375
            - 1897.086669921875
      refined_corners_original_image:
         -
            - 1805.042236328125
            - 2664.367919921875
         -
            - 2587.19091796875
            - 2691.521728515625
         -
            - 2588.4013671875
            - 1890.3436279296875
         -
            - 1821.9342041015625
            - 1907.176025390625
      refined_valid:
         - 1
         - 1
         - 1
         - 1
      successful_scale_longest_sides:
         - 3008
         - 1289
         - 1003
         - 752
         - 564
         - 376
      corner_verification_debug:
         -
            corner_index: 0
            coarse_corner:
               - 1795.229736328125
               - 2668.183349609375
            verified_corner:
               - 1795.229736328125
               - 2668.183349609375
            subpix_corner:
               - 1805.042236328125
               - 2664.367919921875
            verification_roi:
               - 1756
               - 2629
               - 80
               - 80
            prev_edge_direction:
               - 0.020282603800296783
               - -0.99979430437088013
            next_edge_direction:
               - 0.99942940473556519
               - 0.033778116106987
            prev_marker_support_points:
               -
                  - 1797.2333984375
                  - 2633.51025390625
               -
                  - 1795.52587890625
                  - 2619.075927734375
               -
                  - 1795.81787109375
                  - 2604.68212890625
               -
                  - 1808.107421875
                  - 2590.53173828125
               -
                  - 1808.3994140625
                  - 2576.137939453125
               -
                  - 1808.69140625
                  - 2561.744140625
               -
                  - 1807.9835205078125
                  - 2547.330078125
               -
                  - 1807.2757568359375
                  - 2532.916015625
               -
                  - 1807.5677490234375
                  - 2518.522216796875
               -
                  - 1806.860107421875
                  - 2504.108154296875
               -
                  - 1807.152099609375
                  - 2489.71435546875
               -
                  - 1807.444091796875
                  - 2475.320556640625
               -
                  - 1806.7362060546875
                  - 2460.90625
               -
                  - 1807.0281982421875
                  - 2446.512451171875
               -
                  - 1806.3204345703125
                  - 2432.098388671875
               -
                  - 1806.6124267578125
                  - 2417.70458984375
            next_marker_support_points:
               -
                  - 1829.8590087890625
                  - 2671.0546875
               -
                  - 1844.739501953125
                  - 2671.5576171875
               -
                  - 1859.5860595703125
                  - 2673.06005859375
               -
                  - 1874.4327392578125
                  - 2674.5625
               -
                  - 1889.279296875
                  - 2676.064697265625
               -
                  - 1904.1597900390625
                  - 2676.567626953125
               -
                  - 1919.0401611328125
                  - 2677.070556640625
               -
                  - 1933.886962890625
                  - 2678.572998046875
               -
                  - 1949.1051025390625
                  - 2669.08154296875
               -
                  - 1963.5802001953125
                  - 2681.577392578125
               -
                  - 1978.4605712890625
                  - 2682.080322265625
               -
                  - 1993.307373046875
                  - 2683.582763671875
               -
                  - 2008.187744140625
                  - 2684.085693359375
               -
                  - 2023.439697265625
                  - 2673.594970703125
               -
                  - 2037.914794921875
                  - 2686.091064453125
               -
                  - 2052.795166015625
                  - 2686.593994140625
            prev_branch_points:
               []
            next_branch_points:
               []
            local_scale: 771.25531005859375
            verification_roi_radius: 39
            candidate_radius: 0
            branch_search_radius: 0
            direction_consistency_score: 1.
            local_layout_score: 1.
            verification_quality: 1.
            coarse_to_verified_displacement: 0.
            coarse_to_subpix_displacement: 10.528183937072754
            coarse_to_refined_displacement: 10.528183937072754
            corner_marker_width: 192.81382751464844
            image_line_corner:
               - 0.
               - 0.
            prev_image_line_residual: 0.
            next_image_line_residual: 0.
            prev_image_line_support_count: 0
            next_image_line_support_count: 0
            image_line_valid: 0
            line_refinement_success: 1
            line_refinement_quality: 0.74495746001007634
            line_jump: 15.658408164978027
            line_jump_limit: 0.
            line_inside: 1
            line_seed_gap: 15.658408164978027
            line_seed_accepted: 1
            spherical_corner:
               - 1795.229736328125
               - 2668.183349609375
            prev_spherical_curve_points:
               []
            next_spherical_curve_points:
               []
            prev_spherical_residual: 0.
            next_spherical_residual: 0.
            prev_spherical_support_count: 0
            next_spherical_support_count: 0
            spherical_refinement_valid: 0
            spherical_refinement_applied: 0
            spherical_failure_reason: ""
            subpix_window_radius: 29
            refine_displacement_limit: 0.
            refined_valid: 1
            verification_passed: 1
            subpix_applied: 1
            failure_reason: cs_only
         -
            corner_index: 1
            coarse_corner:
               - 2592.395751953125
               - 2695.12548828125
            verified_corner:
               - 2592.395751953125
               - 2695.12548828125
            subpix_corner:
               - 2587.19091796875
