%YAML:1.0
---
format_version: outer_detection_cache_v2
absolute_image_path: "/Users/linzhaoxian/lzx-ws/project/calibr/tartancalib/image/dataset_4-22/right_record_20260421_140151/right_vimbax_camera_right_image_raw_000054_827476804300.png"
image_file_size: 6521670
image_mtime: 1776751339
detector_config_hash: a5f7c893e3a5f9e3
image_size:
   - 4512
   - 4512
requested_board_ids:
   - 1
   - 2
   - 3
   - 4
   - 5
detections:
   -
      success: 1
      board_id: 1
      detected_tag_id: 1
      original_longest_side: 4512
      chosen_scale_longest_side: 2256
      chosen_scale_factor: 0.5
      scale_configuration_mode: fixed_schedule
      used_corner_fusion: 1
      hamming: 0
      good: 1
      attempted_local_patch_rescue: 0
      used_local_patch_rescue: 0
      local_patch_rescue_summary: ""
      quality: 0.9660299682144674
      failure_reason: 0
      failure_reason_text: None
      coarse_corners_scaled_image:
         -
            - 932.36444091796875
            - 1316.69921875
         -
            - 1276.1246337890625
            - 1330.9815673828125
         -
            - 1283.3734130859375
            - 982.9791259765625
         -
            - 943.22637939453125
            - 980.6209716796875
      coarse_corners_original_image:
         -
            - 1864.7288818359375
            - 2633.3984375
         -
            - 2552.249267578125
            - 2661.963134765625
         -
            - 2566.746826171875
            - 1965.958251953125
         -
            - 1886.4527587890625
            - 1961.241943359375
      refined_corners_original_image:
         -
            - 1869.447265625
            - 2634.88330078125
         -
            - 2548.769287109375
            - 2662.085205078125
         -
            - 2563.014892578125
            - 1971.7904052734375
         -
            - 1890.3489990234375
            - 1968.7030029296875
      refined_valid:
         - 1
         - 1
         - 1
         - 1
      successful_scale_longest_sides:
         - 2256
         - 1805
         - 1289
         - 1003
         - 752
         - 564
         - 376
      corner_verification_debug:
         -
            corner_index: 0
            coarse_corner:
               - 1864.7288818359375
               - 2633.3984375
            verified_corner:
               - 1864.7288818359375
               - 2633.3984375
            subpix_corner:
               - 1869.447265625
               - 2634.88330078125
            verification_roi:
               - 1830
               - 2599
               - 70
               - 70
            prev_edge_direction:
               - 0.032302804291248322
               - -0.99947816133499146
            next_edge_direction:
               - 0.9991379976272583
               - 0.041511606425046921
            prev_marker_support_points:
               -
                  - 1863.507568359375
                  - 2603.080322265625
               -
                  - 1863.9130859375
                  - 2590.533447265625
               -
                  - 1863.319091796875
                  - 2577.954345703125
               -
                  - 1871.720458984375
                  - 2565.665771484375
               -
                  - 1864.130126953125
                  - 2552.8603515625
               -
                  - 1873.531005859375
                  - 2540.60400390625
               -
                  - 1871.9375
                  - 2527.99267578125
               -
                  - 1864.3472900390625
                  - 2515.187255859375
               -
                  - 1864.7528076171875
                  - 2502.640380859375
               -
                  - 1864.1588134765625
                  - 2490.06103515625
               -
                  - 1863.5648193359375
                  - 2477.48193359375
               -
                  - 1863.9703369140625
                  - 2464.93505859375
               -
                  - 1865.3753662109375
                  - 2452.42041015625
               -
                  - 1864.7813720703125
                  - 2439.84130859375
               -
                  - 1865.1868896484375
                  - 2427.294189453125
               -
                  - 1865.5924072265625
                  - 2414.747314453125
            next_marker_support_points:
               -
                  - 1894.832763671875
                  - 2637.85205078125
               -
                  - 1907.66650390625
                  - 2638.38525390625
               -
                  - 1920.458740234375
                  - 2639.91748046875
               -
                  - 1933.29248046875
                  - 2640.45068359375
               -
                  - 1946.084716796875
                  - 2641.983154296875
               -
                  - 1958.9183349609375
                  - 2642.516357421875
               -
                  - 1971.7520751953125
                  - 2643.049560546875
               -
                  - 1984.5443115234375
                  - 2644.581787109375
               -
                  - 1997.3780517578125
                  - 2645.114990234375
               -
                  - 2010.211669921875
                  - 2645.648193359375
               -
                  - 2023.00390625
                  - 2647.1806640625
               -
                  - 2035.837646484375
                  - 2647.7138671875
               -
                  - 2048.6298828125
                  - 2649.24609375
               -
                  - 2061.463623046875
                  - 2649.779296875
               -
                  - 2074.29736328125
                  - 2650.3125
               -
                  - 2087.131103515625
                  - 2650.845703125
            prev_branch_points:
               []
            next_branch_points:
               []
            local_scale: 672.5074462890625
            verification_roi_radius: 34
            candidate_radius: 0
            branch_search_radius: 0
            direction_consistency_score: 1.
            local_layout_score: 1.
            verification_quality: 1.
            coarse_to_verified_displacement: 0.
            coarse_to_subpix_displacement: 4.9465103149414062
            coarse_to_refined_displacement: 4.9465103149414062
            corner_marker_width: 168.12686157226562
            image_line_corner:
               - 0.
               - 0.
            prev_image_line_residual: 0.
            next_image_line_residual: 0.
            prev_image_line_support_count: 0
            next_image_line_support_count: 0
            image_line_valid: 0
            line_refinement_success: 0
            line_refinement_quality: 0.
            line_jump: 3226.76318359375
            line_jump_limit: 0.
            line_inside: 0
            line_seed_gap: 3226.76318359375
            line_seed_accepted: 0
            spherical_corner:
               - 1864.7288818359375
               - 2633.3984375
            prev_spherical_curve_points:
               []
            next_spherical_curve_points:
               []
            prev_spherical_residual: 0.
            next_spherical_residual: 0.
            prev_spherical_support_count: 0
            next_spherical_support_count: 0
            spherical_refinement_valid: 0
            spherical_refinement_applied: 0
            spherical_failure_reason: ""
            subpix_window_radius: 25
            refine_displacement_limit: 0.
            refined_valid: 1
            verification_passed: 1
            subpix_applied: 1
            failure_reason: cs_only
         -
            corner_index: 1
            coarse_corner:
               - 2552.249267578125
               - 2661.963134765625
            verified_corner:
               - 2552.249267578125
               - 2661.963134765625
            subpix_corner:
               - 2548.769287109375
               - 2662.085205078125
