%YAML:1.0
---
format_version: outer_detection_cache_v2
absolute_image_path: "/Users/linzhaoxian/lzx-ws/project/calibr/tartancalib/image/dataset_4-22/right_record_20260421_140151/right_vimbax_camera_right_image_raw_000164_880380839900.png"
image_file_size: 6281887
image_mtime: 1776751394
detector_config_hash: a5f7c893e3a5f9e3
image_size:
   - 4512
   - 4512
requested_board_ids:
   - 1
   - 2
   - 3
   - 4
   - 5
detections:
   -
      success: 1
      board_id: 1
      detected_tag_id: 1
      original_longest_side: 4512
      chosen_scale_longest_side: 1289
      chosen_scale_factor: 0.28568262411347517
      scale_configuration_mode: fixed_schedule
      used_corner_fusion: 1
      hamming: 0
      good: 1
      attempted_local_patch_rescue: 0
      used_local_patch_rescue: 0
      local_patch_rescue_summary: ""
      quality: 0.95740585342358331
      failure_reason: 0
      failure_reason_text: None
      coarse_corners_scaled_image:
         -
            - 405.5272216796875
            - 722.15460205078125
         -
            - 584.96441650390625
            - 733.3505859375
         -
            - 594.7845458984375
            - 548.15625
         -
            - 417.43121337890625
            - 539.6912841796875
      coarse_corners_original_image:
         -
            - 1419.5025634765625
            - 2527.8212890625
         -
            - 2047.602294921875
            - 2567.011474609375
         -
            - 2081.9765625
            - 1918.759521484375
         -
            - 1461.171142578125
            - 1889.12890625
      refined_corners_original_image:
         -
            - 1428.6912841796875
            - 2526.124267578125
         -
            - 2044.954345703125
            - 2565.645751953125
         -
            - 2078.7353515625
            - 1924.013427734375
         -
            - 1468.9688720703125
            - 1896.316162109375
      refined_valid:
         - 1
         - 1
         - 1
         - 1
      successful_scale_longest_sides:
         - 1289
         - 1003
         - 752
         - 564
         - 376
      corner_verification_debug:
         -
            corner_index: 0
            coarse_corner:
               - 1419.5025634765625
               - 2527.8212890625
            verified_corner:
               - 1419.5025634765625
               - 2527.8212890625
            subpix_corner:
               - 1428.6912841796875
               - 2526.124267578125
            verification_roi:
               - 1388
               - 2496
               - 64
               - 64
            prev_edge_direction:
               - 0.065102048218250275
               - -0.99787861108779907
            next_edge_direction:
               - 0.99805909395217896
               - 0.062273744493722916
            prev_marker_support_points:
               -
                  - 1415.0595703125
                  - 2499.15185546875
               -
                  - 1415.83740234375
                  - 2487.2294921875
               -
                  - 1431.5833740234375
                  - 2476.28369140625
               -
                  - 1427.371826171875
                  - 2464.0361328125
               -
                  - 1419.1688232421875
                  - 2451.52783203125
               -
                  - 1420.9443359375
                  - 2439.670654296875
               -
                  - 1420.724365234375
                  - 2427.683349609375
               -
                  - 1420.5042724609375
                  - 2415.696044921875
               -
                  - 1429.26513671875
                  - 2404.29443359375
               -
                  - 1423.057861328125
                  - 2391.916748046875
               -
                  - 1436.80810546875
                  - 2380.840576171875
               -
                  - 1437.5859375
                  - 2368.918212890625
               -
                  - 1437.36572265625
                  - 2356.93115234375
               -
                  - 1438.1435546875
                  - 2345.0087890625
               -
                  - 1433.9320068359375
                  - 2332.760986328125
               -
                  - 1423.733154296875
                  - 2320.12255859375
            next_marker_support_points:
               -
                  - 1447.374755859375
                  - 2535.872802734375
               -
                  - 1459.0992431640625
                  - 2536.604248046875
               -
                  - 1471.571044921875
                  - 2525.35888671875
               -
                  - 1483.2333984375
                  - 2527.088623046875
               -
                  - 1494.9578857421875
                  - 2527.820068359375
               -
                  - 1506.682373046875
                  - 2528.5517578125
               -
                  - 1518.406982421875
                  - 2529.283203125
               -
                  - 1530.0692138671875
                  - 2531.012939453125
               -
                  - 1541.793701171875
                  - 2531.744384765625
               -
                  - 1553.518310546875
                  - 2532.475830078125
               -
                  - 1565.2427978515625
                  - 2533.20751953125
               -
                  - 1576.9049072265625
                  - 2534.93701171875
               -
                  - 1588.6295166015625
                  - 2535.668701171875
               -
                  - 1600.35400390625
                  - 2536.400146484375
               -
                  - 1612.0784912109375
                  - 2537.1318359375
               -
                  - 1623.8031005859375
                  - 2537.86328125
            prev_branch_points:
               []
            next_branch_points:
               []
            local_scale: 629.3211669921875
            verification_roi_radius: 31
            candidate_radius: 0
            branch_search_radius: 0
            direction_consistency_score: 1.
            local_layout_score: 1.
            verification_quality: 1.
            coarse_to_verified_displacement: 0.
            coarse_to_subpix_displacement: 9.3441143035888672
            coarse_to_refined_displacement: 9.3441143035888672
            corner_marker_width: 157.33029174804688
            image_line_corner:
               - 0.
               - 0.
            prev_image_line_residual: 0.
            next_image_line_residual: 0.
            prev_image_line_support_count: 0
            next_image_line_support_count: 0
            image_line_valid: 0
            line_refinement_success: 0
            line_refinement_quality: 0.
            line_jump: 2899.114990234375
            line_jump_limit: 0.
            line_inside: 0
            line_seed_gap: 2899.114990234375
            line_seed_accepted: 0
            spherical_corner:
               - 1419.5025634765625
               - 2527.8212890625
            prev_spherical_curve_points:
               []
            next_spherical_curve_points:
               []
            prev_spherical_residual: 0.
            next_spherical_residual: 0.
            prev_spherical_support_count: 0
            next_spherical_support_count: 0
            spherical_refinement_valid: 0
            spherical_refinement_applied: 0
            spherical_failure_reason: ""
            subpix_window_radius: 24
            refine_displacement_limit: 0.
            refined_valid: 1
            verification_passed: 1
            subpix_applied: 1
            failure_reason: cs_only
         -
            corner_index: 1
            coarse_corner:
               - 2047.602294921875
               - 2567.011474609375
            verified_corner:
               - 2047.602294921875
               - 2567.011474609375
            subpix_corner:
               - 2044.954345703125
               - 2565.645751953125
