%YAML:1.0
---
format_version: outer_detection_cache_v2
absolute_image_path: "/Users/linzhaoxian/lzx-ws/project/calibr/tartancalib/image/dataset_4-22/right_record_20260421_140151/right_vimbax_camera_right_image_raw_000202_898656779500.png"
image_file_size: 6264715
image_mtime: 1776751413
detector_config_hash: a5f7c893e3a5f9e3
image_size:
   - 4512
   - 4512
requested_board_ids:
   - 1
   - 2
   - 3
   - 4
   - 5
detections:
   -
      success: 1
      board_id: 1
      detected_tag_id: 1
      original_longest_side: 4512
      chosen_scale_longest_side: 1003
      chosen_scale_factor: 0.22229609929078015
      scale_configuration_mode: fixed_schedule
      used_corner_fusion: 1
      hamming: 0
      good: 1
      attempted_local_patch_rescue: 0
      used_local_patch_rescue: 0
      local_patch_rescue_summary: ""
      quality: 0.99350265382713987
      failure_reason: 0
      failure_reason_text: None
      coarse_corners_scaled_image:
         -
            - 466.41830444335938
            - 549.69061279296875
         -
            - 570.78472900390625
            - 554.19110107421875
         -
            - 574.796630859375
            - 449.60281372070312
         -
            - 470.89608764648438
            - 445.40866088867188
      coarse_corners_original_image:
         -
            - 2098.184814453125
            - 2472.78564453125
         -
            - 2567.677734375
            - 2493.03125
         -
            - 2585.725341796875
            - 2022.540283203125
         -
            - 2118.328125
            - 2003.6728515625
      refined_corners_original_image:
         -
            - 2090.242919921875
            - 2472.864990234375
         -
            - 2556.28271484375
            - 2493.39501953125
         -
            - 2574.75244140625
            - 2026.267578125
         -
            - 2109.923583984375
            - 2008.9927978515625
      refined_valid:
         - 1
         - 1
         - 1
         - 1
      successful_scale_longest_sides:
         - 1003
         - 752
         - 564
         - 376
      corner_verification_debug:
         -
            corner_index: 0
            coarse_corner:
               - 2098.184814453125
               - 2472.78564453125
            verified_corner:
               - 2098.184814453125
               - 2472.78564453125
            subpix_corner:
               - 2090.242919921875
               - 2472.864990234375
            verification_roi:
               - 2075
               - 2449
               - 48
               - 48
            prev_edge_direction:
               - 0.042899630963802338
               - -0.99907934665679932
            next_edge_direction:
               - 0.99907153844833374
               - 0.043082244694232941
            prev_marker_support_points:
               -
                  - 2094.19580078125
                  - 2451.46533203125
               -
                  - 2095.57080078125
                  - 2442.75146484375
               -
                  - 2094.94775390625
                  - 2433.951904296875
               -
                  - 2094.32470703125
                  - 2425.152099609375
               -
                  - 2097.697998046875
                  - 2416.52392578125
               -
                  - 2096.07568359375
                  - 2407.681396484375
               -
                  - 2095.452880859375
                  - 2398.8818359375
               -
                  - 2096.827880859375
                  - 2390.16796875
               -
                  - 2097.203857421875
                  - 2381.4111328125
               -
                  - 2097.579833984375
                  - 2372.654541015625
               -
                  - 2096.956787109375
                  - 2363.854736328125
               -
                  - 2097.332763671875
                  - 2355.097900390625
               -
                  - 2097.708740234375
                  - 2346.341064453125
               -
                  - 2099.083984375
                  - 2337.62744140625
               -
                  - 2097.4619140625
                  - 2328.784912109375
               -
                  - 2099.8359375
                  - 2320.11376953125
            next_marker_support_points:
               -
                  - 2119.299072265625
                  - 2473.59619140625
               -
                  - 2128.019775390625
                  - 2474.97314453125
               -
                  - 2136.78369140625
                  - 2475.35107421875
               -
                  - 2145.5908203125
                  - 2474.729736328125
               -
                  - 2154.311279296875
                  - 2476.106689453125
               -
                  - 2163.0751953125
                  - 2476.484619140625
               -
                  - 2171.88232421875
                  - 2475.863525390625
               -
                  - 2180.60302734375
                  - 2477.240478515625
               -
                  - 2189.366943359375
                  - 2477.618408203125
               -
                  - 2198.130615234375
                  - 2477.996337890625
               -
                  - 2206.8515625
                  - 2479.373291015625
               -
                  - 2215.658447265625
                  - 2478.752197265625
               -
                  - 2224.42236328125
                  - 2479.130126953125
               -
                  - 2233.143310546875
                  - 2480.507080078125
               -
                  - 2241.949951171875
                  - 2479.885986328125
               -
                  - 2250.7138671875
                  - 2480.263916015625
            prev_branch_points:
               []
            next_branch_points:
               []
            local_scale: 469.54507446289062
            verification_roi_radius: 23
            candidate_radius: 0
            branch_search_radius: 0
            direction_consistency_score: 1.
            local_layout_score: 1.
            verification_quality: 1.
            coarse_to_verified_displacement: 0.
            coarse_to_subpix_displacement: 7.9422907829284668
            coarse_to_refined_displacement: 7.9422907829284668
            corner_marker_width: 117.38626861572266
            image_line_corner:
               - 0.
               - 0.
            prev_image_line_residual: 0.
            next_image_line_residual: 0.
            prev_image_line_support_count: 0
            next_image_line_support_count: 0
            image_line_valid: 0
            line_refinement_success: 1
            line_refinement_quality: 0.82006200145838637
            line_jump: 9.6621179580688477
            line_jump_limit: 0.
            line_inside: 1
            line_seed_gap: 9.6621179580688477
            line_seed_accepted: 1
            spherical_corner:
               - 2098.184814453125
               - 2472.78564453125
            prev_spherical_curve_points:
               []
            next_spherical_curve_points:
               []
            prev_spherical_residual: 0.
            next_spherical_residual: 0.
            prev_spherical_support_count: 0
            next_spherical_support_count: 0
            spherical_refinement_valid: 0
            spherical_refinement_applied: 0
            spherical_failure_reason: ""
            subpix_window_radius: 18
            refine_displacement_limit: 0.
            refined_valid: 1
            verification_passed: 1
            subpix_applied: 1
            failure_reason: cs_only
         -
            corner_index: 1
            coarse_corner:
               - 2567.677734375
               - 2493.03125
            verified_corner:
               - 2567.677734375
               - 2493.03125
            subpix_corner:
               - 2556.28271484375
               - 2493.39501953125
            verification_roi:
