%YAML:1.0
---
format_version: outer_detection_cache_v2
absolute_image_path: "/Users/linzhaoxian/lzx-ws/project/calibr/tartancalib/image/dataset_4-22/right_record_20260421_140151/right_vimbax_camera_right_image_raw_000062_831324370500.png"
image_file_size: 6501368
image_mtime: 1776751343
detector_config_hash: a5f7c893e3a5f9e3
image_size:
   - 4512
   - 4512
requested_board_ids:
   - 1
   - 2
   - 3
   - 4
   - 5
detections:
   -
      success: 1
      board_id: 1
      detected_tag_id: 1
      original_longest_side: 4512
      chosen_scale_longest_side: 1289
      chosen_scale_factor: 0.28568262411347517
      scale_configuration_mode: fixed_schedule
      used_corner_fusion: 1
      hamming: 0
      good: 1
      attempted_local_patch_rescue: 0
      used_local_patch_rescue: 0
      local_patch_rescue_summary: ""
      quality: 0.93888596453455253
      failure_reason: 0
      failure_reason_text: None
      coarse_corners_scaled_image:
         -
            - 506.28982543945312
            - 761.42431640625
         -
            - 746.58642578125
            - 769.3472900390625
         -
            - 744.9307861328125
            - 522.72332763671875
         -
            - 510.68283081054688
            - 529.90899658203125
      coarse_corners_original_image:
         -
            - 1772.2108154296875
            - 2665.280517578125
         -
            - 2613.342041015625
            - 2693.013916015625
         -
            - 2607.546630859375
            - 1829.7344970703125
         -
            - 1787.5880126953125
            - 1854.886962890625
      refined_corners_original_image:
         -
            - 1783.441650390625
            - 2659.569091796875
         -
            - 2608.4931640625
            - 2686.397216796875
         -
            - 2602.6533203125
            - 1838.1173095703125
         -
            - 1798.8170166015625
            - 1863.894775390625
      refined_valid:
         - 1
         - 1
         - 1
         - 1
      successful_scale_longest_sides:
         - 1289
         - 1003
         - 752
         - 564
         - 376
      corner_verification_debug:
         -
            corner_index: 0
            coarse_corner:
               - 1772.2108154296875
               - 2665.280517578125
            verified_corner:
               - 1772.2108154296875
               - 2665.280517578125
            subpix_corner:
               - 1783.441650390625
               - 2659.569091796875
            verification_roi:
               - 1731
               - 2624
               - 84
               - 84
            prev_edge_direction:
               - 0.018971560522913933
               - -0.9998200535774231
            next_edge_direction:
               - 0.99945688247680664
               - 0.032953638583421707
            prev_marker_support_points:
               -
                  - 1783.6009521484375
                  - 2629.015625
               -
                  - 1783.887939453125
                  - 2613.888427734375
               -
                  - 1783.1751708984375
                  - 2598.7421875
               -
                  - 1782.46240234375
                  - 2583.595703125
               -
                  - 1782.7493896484375
                  - 2568.468505859375
               -
                  - 1782.03662109375
                  - 2553.322021484375
               -
                  - 1782.3236083984375
                  - 2538.19482421875
               -
                  - 1780.611083984375
                  - 2523.029541015625
               -
                  - 1781.89794921875
                  - 2507.921142578125
               -
                  - 1781.1851806640625
                  - 2492.77490234375
               -
                  - 1780.4722900390625
                  - 2477.62841796875
               -
                  - 1780.75927734375
                  - 2462.501220703125
               -
                  - 1780.046630859375
                  - 2447.35498046875
               -
                  - 1780.3336181640625
                  - 2432.2275390625
               -
                  - 1779.620849609375
                  - 2417.081298828125
               -
                  - 1779.9078369140625
                  - 2401.953857421875
            next_marker_support_points:
               -
                  - 1808.8531494140625
                  - 2660.785400390625
               -
                  - 1824.5213623046875
                  - 2662.302734375
               -
                  - 1840.189453125
                  - 2663.81982421875
               -
                  - 1855.890625
                  - 2664.337646484375
               -
                  - 1871.5587158203125
                  - 2665.854736328125
               -
                  - 1887.2598876953125
                  - 2666.37255859375
               -
                  - 1902.927978515625
                  - 2667.8896484375
               -
                  - 1918.59619140625
                  - 2669.406494140625
               -
                  - 1934.2972412109375
                  - 2669.92431640625
               -
                  - 1949.9654541015625
                  - 2671.44140625
               -
                  - 1965.633544921875
                  - 2672.958740234375
               -
                  - 1981.334716796875
                  - 2673.476318359375
               -
                  - 1997.0357666015625
                  - 2673.994140625
               -
                  - 2012.7039794921875
                  - 2675.51123046875
               -
                  - 2028.4051513671875
                  - 2676.029052734375
               -
                  - 2044.106201171875
                  - 2676.546630859375
            prev_branch_points:
               []
            next_branch_points:
               []
            local_scale: 810.5394287109375
            verification_roi_radius: 41
            candidate_radius: 0
            branch_search_radius: 0
            direction_consistency_score: 1.
            local_layout_score: 1.
            verification_quality: 1.
            coarse_to_verified_displacement: 0.
            coarse_to_subpix_displacement: 12.59968376159668
            coarse_to_refined_displacement: 12.59968376159668
            corner_marker_width: 202.63485717773438
            image_line_corner:
               - 0.
               - 0.
            prev_image_line_residual: 0.
            next_image_line_residual: 0.
            prev_image_line_support_count: 0
            next_image_line_support_count: 0
            image_line_valid: 0
            line_refinement_success: 1
            line_refinement_quality: 0.86778265068214655
            line_jump: 14.129146575927734
            line_jump_limit: 0.
            line_inside: 1
            line_seed_gap: 14.129146575927734
            line_seed_accepted: 1
            spherical_corner:
               - 1772.2108154296875
               - 2665.280517578125
            prev_spherical_curve_points:
               []
            next_spherical_curve_points:
               []
            prev_spherical_residual: 0.
            next_spherical_residual: 0.
            prev_spherical_support_count: 0
            next_spherical_support_count: 0
            spherical_refinement_valid: 0
            spherical_refinement_applied: 0
            spherical_failure_reason: ""
            subpix_window_radius: 30
            refine_displacement_limit: 0.
            refined_valid: 1
            verification_passed: 1
            subpix_applied: 1
            failure_reason: cs_only
         -
            corner_index: 1
            coarse_corner:
               - 2613.342041015625
               - 2693.013916015625
            verified_corner:
               - 2613.342041015625
               - 2693.013916015625
            subpix_corner:
               - 2608.4931640625
