%YAML:1.0
---
format_version: outer_detection_cache_v2
absolute_image_path: "/Users/linzhaoxian/lzx-ws/project/calibr/tartancalib/image/dataset_4-22/right_record_20260421_140151/right_vimbax_camera_right_image_raw_000123_860662063000.png"
image_file_size: 6493492
image_mtime: 1776751374
detector_config_hash: a5f7c893e3a5f9e3
image_size:
   - 4512
   - 4512
requested_board_ids:
   - 1
   - 2
   - 3
   - 4
   - 5
detections:
   -
      success: 1
      board_id: 1
      detected_tag_id: 1
      original_longest_side: 4512
      chosen_scale_longest_side: 2256
      chosen_scale_factor: 0.5
      scale_configuration_mode: fixed_schedule
      used_corner_fusion: 1
      hamming: 0
      good: 1
      attempted_local_patch_rescue: 0
      used_local_patch_rescue: 0
      local_patch_rescue_summary: ""
      quality: 0.95777901516775621
      failure_reason: 0
      failure_reason_text: None
      coarse_corners_scaled_image:
         -
            - 1149.0418701171875
            - 1281.0595703125
         -
            - 1484.535888671875
            - 1295.0745849609375
         -
            - 1487.9090576171875
            - 950.74273681640625
         -
            - 1158.0997314453125
            - 951.18048095703125
      coarse_corners_original_image:
         -
            - 2298.083740234375
            - 2562.119140625
         -
            - 2969.07177734375
            - 2590.149169921875
         -
            - 2975.818115234375
            - 1901.4854736328125
         -
            - 2316.199462890625
            - 1902.3609619140625
      refined_corners_original_image:
         -
            - 2299.093994140625
            - 2561.105712890625
         -
            - 2961.166748046875
            - 2588.815673828125
         -
            - 2967.9541015625
            - 1909.326171875
         -
            - 2317.05859375
            - 1908.7967529296875
      refined_valid:
         - 1
         - 1
         - 1
         - 1
      successful_scale_longest_sides:
         - 2256
         - 1805
         - 1289
         - 1003
         - 752
         - 564
         - 376
      corner_verification_debug:
         -
            corner_index: 0
            coarse_corner:
               - 2298.083740234375
               - 2562.119140625
            verified_corner:
               - 2298.083740234375
               - 2562.119140625
            subpix_corner:
               - 2299.093994140625
               - 2561.105712890625
            verification_roi:
               - 2265
               - 2529
               - 68
               - 68
            prev_edge_direction:
               - 0.027447780594229698
               - -0.99962323904037476
            next_edge_direction:
               - 0.99912858009338379
               - 0.041737858206033707
            prev_marker_support_points:
               -
                  - 2298.998779296875
                  - 2532.4326171875
               -
                  - 2299.3369140625
                  - 2520.1171875
               -
                  - 2300.6748046875
                  - 2507.829345703125
               -
                  - 2300.01318359375
                  - 2495.486328125
               -
                  - 2301.351318359375
                  - 2483.1982421875
               -
                  - 2300.689697265625
                  - 2470.855224609375
               -
                  - 2302.027587890625
                  - 2458.5673828125
               -
                  - 2302.36572265625
                  - 2446.251953125
               -
                  - 2302.703857421875
                  - 2433.9365234375
               -
                  - 2303.0419921875
                  - 2421.620849609375
               -
                  - 2303.380126953125
                  - 2409.305419921875
               -
                  - 2302.718505859375
                  - 2396.96240234375
               -
                  - 2304.056396484375
                  - 2384.674560546875
               -
                  - 2304.39453125
                  - 2372.35888671875
               -
                  - 2304.73291015625
                  - 2360.04345703125
               -
                  - 2305.071044921875
                  - 2347.72802734375
            next_marker_support_points:
               -
                  - 2327.76220703125
                  - 2563.259033203125
               -
                  - 2340.24560546875
                  - 2564.78125
               -
                  - 2352.770751953125
                  - 2565.304443359375
               -
                  - 2365.2958984375
                  - 2565.82763671875
               -
                  - 2377.779296875
                  - 2567.35009765625
               -
                  - 2390.304443359375
                  - 2567.873291015625
               -
                  - 2402.787841796875
                  - 2569.3955078125
               -
                  - 2415.312744140625
                  - 2569.918701171875
               -
                  - 2427.837890625
                  - 2570.442138671875
               -
                  - 2440.363037109375
                  - 2570.96533203125
               -
                  - 2452.88818359375
                  - 2571.488525390625
               -
                  - 2465.37158203125
                  - 2573.0107421875
               -
                  - 2477.896728515625
                  - 2573.533935546875
               -
                  - 2490.421630859375
                  - 2574.05712890625
               -
                  - 2502.94677734375
                  - 2574.580322265625
               -
                  - 2515.471923828125
                  - 2575.103759765625
            prev_branch_points:
               []
            next_branch_points:
               []
            local_scale: 660.0068359375
            verification_roi_radius: 33
            candidate_radius: 0
            branch_search_radius: 0
            direction_consistency_score: 1.
            local_layout_score: 1.
            verification_quality: 1.
            coarse_to_verified_displacement: 0.
            coarse_to_subpix_displacement: 1.4309607744216919
            coarse_to_refined_displacement: 1.4309607744216919
            corner_marker_width: 165.001708984375
            image_line_corner:
               - 0.
               - 0.
            prev_image_line_residual: 0.
            next_image_line_residual: 0.
            prev_image_line_support_count: 0
            next_image_line_support_count: 0
            image_line_valid: 0
            line_refinement_success: 1
            line_refinement_quality: 0.86637037352831425
            line_jump: 0.13261893391609192
            line_jump_limit: 0.
            line_inside: 1
            line_seed_gap: 0.13261893391609192
            line_seed_accepted: 1
            spherical_corner:
               - 2298.083740234375
               - 2562.119140625
            prev_spherical_curve_points:
               []
            next_spherical_curve_points:
               []
            prev_spherical_residual: 0.
            next_spherical_residual: 0.
            prev_spherical_support_count: 0
            next_spherical_support_count: 0
            spherical_refinement_valid: 0
            spherical_refinement_applied: 0
            spherical_failure_reason: ""
            subpix_window_radius: 25
            refine_displacement_limit: 0.
            refined_valid: 1
            verification_passed: 1
            subpix_applied: 1
            failure_reason: cs_only
         -
            corner_index: 1
            coarse_corner:
               - 2969.07177734375
               - 2590.149169921875
            verified_corner:
               - 2969.07177734375
               - 2590.149169921875
            subpix_corner:
               - 2961.166748046875
               - 2588.815673828125
