%YAML:1.0
---
format_version: outer_detection_cache_v2
absolute_image_path: "/Users/linzhaoxian/lzx-ws/project/calibr/tartancalib/image/dataset_4-22/right_record_20260421_140151/right_vimbax_camera_right_image_raw_000068_834210045200.png"
image_file_size: 6622814
image_mtime: 1776751346
detector_config_hash: a5f7c893e3a5f9e3
image_size:
   - 4512
   - 4512
requested_board_ids:
   - 1
   - 2
   - 3
   - 4
   - 5
detections:
   -
      success: 1
      board_id: 1
      detected_tag_id: 1
      original_longest_side: 4512
      chosen_scale_longest_side: 2256
      chosen_scale_factor: 0.5
      scale_configuration_mode: fixed_schedule
      used_corner_fusion: 1
      hamming: 0
      good: 1
      attempted_local_patch_rescue: 0
      used_local_patch_rescue: 0
      local_patch_rescue_summary: ""
      quality: 0.94314546215924144
      failure_reason: 0
      failure_reason_text: None
      coarse_corners_scaled_image:
         -
            - 866.09503173828125
            - 1291.81005859375
         -
            - 1296.5272216796875
            - 1318.6365966796875
         -
            - 1307.423583984375
            - 880.858154296875
         -
            - 890.0667724609375
            - 879.48968505859375
      coarse_corners_original_image:
         -
            - 1732.1900634765625
            - 2583.6201171875
         -
            - 2593.054443359375
            - 2637.273193359375
         -
            - 2614.84716796875
            - 1761.71630859375
         -
            - 1780.133544921875
            - 1758.9793701171875
      refined_corners_original_image:
         -
            - 1746.0728759765625
            - 2579.65625
         -
            - 2587.0283203125
            - 2631.269775390625
         -
            - 2608.760986328125
            - 1775.1876220703125
         -
            - 1791.836181640625
            - 1771.819580078125
      refined_valid:
         - 1
         - 1
         - 1
         - 1
      successful_scale_longest_sides:
         - 2256
         - 1805
         - 1289
         - 1003
         - 752
         - 564
         - 376
      corner_verification_debug:
         -
            corner_index: 0
            coarse_corner:
               - 1732.1900634765625
               - 2583.6201171875
            verified_corner:
               - 1732.1900634765625
               - 2583.6201171875
            subpix_corner:
               - 1746.0728759765625
               - 2579.65625
            verification_roi:
               - 1691
               - 2542
               - 84
               - 84
            prev_edge_direction:
               - 0.058040618896484375
               - -0.99831420183181763
            next_edge_direction:
               - 0.99806344509124756
               - 0.062203958630561829
            prev_marker_support_points:
               -
                  - 1746.02783203125
                  - 2547.190185546875
               -
                  - 1745.9244384765625
                  - 2531.739013671875
               -
                  - 1745.821044921875
                  - 2516.28759765625
               -
                  - 1745.7176513671875
                  - 2500.836181640625
               -
                  - 1745.6142578125
                  - 2485.385009765625
               -
                  - 1746.50927734375
                  - 2469.991943359375
               -
                  - 1746.4058837890625
                  - 2454.54052734375
               -
                  - 1746.3026123046875
                  - 2439.089111328125
               -
                  - 1746.1990966796875
                  - 2423.6376953125
               -
                  - 1747.093994140625
                  - 2408.244384765625
               -
                  - 1746.99072265625
                  - 2392.793212890625
               -
                  - 1747.8856201171875
                  - 2377.39990234375
               -
                  - 1747.7823486328125
                  - 2361.948486328125
               -
                  - 1748.67724609375
                  - 2346.55517578125
               -
                  - 1748.5738525390625
                  - 2331.103759765625
               -
                  - 1749.4688720703125
                  - 2315.71044921875
            next_marker_support_points:
               -
                  - 1769.5196533203125
                  - 2582.239501953125
               -
                  - 1785.5269775390625
                  - 2584.239013671875
               -
                  - 1801.5341796875
                  - 2586.238525390625
               -
                  - 1817.6036376953125
                  - 2587.240234375
               -
                  - 1833.611083984375
                  - 2589.23974609375
               -
                  - 1849.6805419921875
                  - 2590.2412109375
               -
                  - 1865.687744140625
                  - 2592.24072265625
               -
                  - 1881.7572021484375
                  - 2593.242431640625
               -
                  - 1897.7645263671875
                  - 2595.241943359375
               -
                  - 1913.833984375
                  - 2596.243408203125
               -
                  - 1929.8411865234375
                  - 2598.2431640625
               -
                  - 1945.91064453125
                  - 2599.24462890625
               -
                  - 1961.9178466796875
                  - 2601.244384765625
               -
                  - 1977.9873046875
                  - 2602.245849609375
               -
                  - 1994.0567626953125
                  - 2603.247314453125
               -
                  - 2010.126220703125
                  - 2604.248779296875
            prev_branch_points:
               []
            next_branch_points:
               []
            local_scale: 826.03326416015625
            verification_roi_radius: 41
            candidate_radius: 0
            branch_search_radius: 0
            direction_consistency_score: 1.
            local_layout_score: 1.
            verification_quality: 1.
            coarse_to_verified_displacement: 0.
            coarse_to_subpix_displacement: 14.437615394592285
            coarse_to_refined_displacement: 14.437615394592285
            corner_marker_width: 206.50831604003906
            image_line_corner:
               - 0.
               - 0.
            prev_image_line_residual: 0.
            next_image_line_residual: 0.
            prev_image_line_support_count: 0
            next_image_line_support_count: 0
            image_line_valid: 0
            line_refinement_success: 1
            line_refinement_quality: 0.85790189184918841
            line_jump: 13.560086250305176
            line_jump_limit: 0.
            line_inside: 1
            line_seed_gap: 13.560086250305176
            line_seed_accepted: 1
            spherical_corner:
               - 1732.1900634765625
               - 2583.6201171875
            prev_spherical_curve_points:
               []
            next_spherical_curve_points:
               []
            prev_spherical_residual: 0.
            next_spherical_residual: 0.
            prev_spherical_support_count: 0
            next_spherical_support_count: 0
            spherical_refinement_valid: 0
            spherical_refinement_applied: 0
            spherical_failure_reason: ""
            subpix_window_radius: 31
            refine_displacement_limit: 0.
            refined_valid: 1
            verification_passed: 1
            subpix_applied: 1
            failure_reason: cs_only
         -
            corner_index: 1
            coarse_corner:
               - 2593.054443359375
               - 2637.273193359375
            verified_corner:
               - 2593.054443359375
               - 2637.273193359375
            subpix_corner:
