%YAML:1.0
---
format_version: outer_detection_cache_v2
absolute_image_path: "/Users/linzhaoxian/lzx-ws/project/calibr/tartancalib/image/dataset_4-22/right_record_20260421_140151/right_vimbax_camera_right_image_raw_000079_839500448800.png"
image_file_size: 6489482
image_mtime: 1776751352
detector_config_hash: a5f7c893e3a5f9e3
image_size:
   - 4512
   - 4512
requested_board_ids:
   - 1
   - 2
   - 3
   - 4
   - 5
detections:
   -
      success: 1
      board_id: 1
      detected_tag_id: 1
      original_longest_side: 4512
      chosen_scale_longest_side: 3008
      chosen_scale_factor: 0.66666666666666663
      scale_configuration_mode: fixed_schedule
      used_corner_fusion: 1
      hamming: 0
      good: 1
      attempted_local_patch_rescue: 0
      used_local_patch_rescue: 0
      local_patch_rescue_summary: ""
      quality: 0.94818432535153674
      failure_reason: 0
      failure_reason_text: None
      coarse_corners_scaled_image:
         -
            - 1155.0760498046875
            - 1741.8287353515625
         -
            - 1692.09375
            - 1776.3970947265625
         -
            - 1708.4915771484375
            - 1228.7420654296875
         -
            - 1183.7977294921875
            - 1223.1126708984375
      coarse_corners_original_image:
         -
            - 1732.614013671875
            - 2612.7431640625
         -
            - 2538.140625
            - 2664.595703125
         -
            - 2562.7373046875
            - 1843.113037109375
         -
            - 1775.696533203125
            - 1834.6689453125
      refined_corners_original_image:
         -
            - 1745.5269775390625
            - 2611.10888671875
         -
            - 2533.88037109375
            - 2659.98779296875
         -
            - 2558.866943359375
            - 1852.326171875
         -
            - 1785.140625
            - 1845.12451171875
      refined_valid:
         - 1
         - 1
         - 1
         - 1
      successful_scale_longest_sides:
         - 3008
         - 1805
         - 1289
         - 1003
         - 752
         - 564
         - 376
      corner_verification_debug:
         -
            corner_index: 0
            coarse_corner:
               - 1732.614013671875
               - 2612.7431640625
            verified_corner:
               - 1732.614013671875
               - 2612.7431640625
            subpix_corner:
               - 1745.5269775390625
               - 2611.10888671875
            verification_roi:
               - 1693
               - 2573
               - 80
               - 80
            prev_edge_direction:
               - 0.055286020040512085
               - -0.99847054481506348
            next_edge_direction:
               - 0.99793457984924316
               - 0.064238034188747406
            prev_marker_support_points:
               -
                  - 1745.83544921875
                  - 2578.3544921875
               -
                  - 1746.6396484375
                  - 2563.83056640625
               -
                  - 1745.4468994140625
                  - 2549.19580078125
               -
                  - 1745.252685546875
                  - 2534.61669921875
               -
                  - 1746.056884765625
                  - 2520.092529296875
               -
                  - 1745.862548828125
                  - 2505.51318359375
               -
                  - 1745.6683349609375
                  - 2490.933837890625
               -
                  - 1745.4739990234375
                  - 2476.3544921875
               -
                  - 1746.2781982421875
                  - 2461.830322265625
               -
                  - 1747.08251953125
                  - 2447.306396484375
               -
                  - 1745.8897705078125
                  - 2432.671630859375
               -
                  - 1747.6925048828125
                  - 2418.203125
               -
                  - 1747.4981689453125
                  - 2403.62353515625
               -
                  - 1748.3023681640625
                  - 2389.099609375
               -
                  - 1748.108154296875
                  - 2374.520263671875
               -
                  - 1747.913818359375
                  - 2359.94091796875
            next_marker_support_points:
               -
                  - 1767.884765625
                  - 2610.704833984375
               -
                  - 1782.8570556640625
                  - 2612.67041015625
               -
                  - 1797.8292236328125
                  - 2614.636474609375
               -
                  - 1812.86572265625
                  - 2615.6044921875
               -
                  - 1827.8380126953125
                  - 2617.570068359375
               -
                  - 1842.87451171875
                  - 2618.5380859375
               -
                  - 1857.9110107421875
                  - 2619.505859375
               -
                  - 1872.88330078125
                  - 2621.471923828125
               -
                  - 1887.9197998046875
                  - 2622.439697265625
               -
                  - 1902.89208984375
                  - 2624.405517578125
               -
                  - 1917.9285888671875
                  - 2625.37353515625
               -
                  - 1932.9007568359375
                  - 2627.33935546875
               -
                  - 1947.937255859375
                  - 2628.307373046875
               -
                  - 1962.9737548828125
                  - 2629.275146484375
               -
                  - 1977.946044921875
                  - 2631.240966796875
               -
                  - 1992.9825439453125
                  - 2632.208740234375
            prev_branch_points:
               []
            next_branch_points:
               []
            local_scale: 779.26605224609375
            verification_roi_radius: 39
            candidate_radius: 0
            branch_search_radius: 0
            direction_consistency_score: 1.
            local_layout_score: 1.
            verification_quality: 1.
            coarse_to_verified_displacement: 0.
            coarse_to_subpix_displacement: 13.015971183776855
            coarse_to_refined_displacement: 13.015971183776855
            corner_marker_width: 194.81651306152344
            image_line_corner:
               - 0.
               - 0.
            prev_image_line_residual: 0.
            next_image_line_residual: 0.
            prev_image_line_support_count: 0
            next_image_line_support_count: 0
            image_line_valid: 0
            line_refinement_success: 1
            line_refinement_quality: 0.83184854437788203
            line_jump: 13.318206787109375
            line_jump_limit: 0.
            line_inside: 1
            line_seed_gap: 13.318206787109375
            line_seed_accepted: 1
            spherical_corner:
               - 1732.614013671875
               - 2612.7431640625
            prev_spherical_curve_points:
               []
            next_spherical_curve_points:
               []
            prev_spherical_residual: 0.
            next_spherical_residual: 0.
            prev_spherical_support_count: 0
            next_spherical_support_count: 0
            spherical_refinement_valid: 0
            spherical_refinement_applied: 0
            spherical_failure_reason: ""
            subpix_window_radius: 29
            refine_displacement_limit: 0.
            refined_valid: 1
            verification_passed: 1
            subpix_applied: 1
            failure_reason: cs_only
         -
            corner_index: 1
            coarse_corner:
               - 2538.140625
               - 2664.595703125
            verified_corner:
               - 2538.140625
               - 2664.595703125
            subpix_corner:
               - 2533.88037109375
