%YAML:1.0
---
format_version: outer_detection_cache_v2
absolute_image_path: "/Users/linzhaoxian/lzx-ws/project/calibr/tartancalib/image/dataset_4-22/right_record_20260421_140151/right_vimbax_camera_right_image_raw_000131_864509629200.png"
image_file_size: 6303411
image_mtime: 1776751377
detector_config_hash: a5f7c893e3a5f9e3
image_size:
   - 4512
   - 4512
requested_board_ids:
   - 1
   - 2
   - 3
   - 4
   - 5
detections:
   -
      success: 1
      board_id: 1
      detected_tag_id: 1
      original_longest_side: 4512
      chosen_scale_longest_side: 2256
      chosen_scale_factor: 0.5
      scale_configuration_mode: fixed_schedule
      used_corner_fusion: 1
      hamming: 0
      good: 1
      attempted_local_patch_rescue: 0
      used_local_patch_rescue: 0
      local_patch_rescue_summary: ""
      quality: 0.97154786318003805
      failure_reason: 0
      failure_reason_text: None
      coarse_corners_scaled_image:
         -
            - 868.05517578125
            - 1310.887939453125
         -
            - 1191.52001953125
            - 1333.0511474609375
         -
            - 1207.463134765625
            - 1004.6322021484375
         -
            - 888.282958984375
            - 991.493896484375
      coarse_corners_original_image:
         -
            - 1736.1103515625
            - 2621.77587890625
         -
            - 2383.0400390625
            - 2666.102294921875
         -
            - 2414.92626953125
            - 2009.264404296875
         -
            - 1776.56591796875
            - 1982.98779296875
      refined_corners_original_image:
         -
            - 1738.7249755859375
            - 2618.3056640625
         -
            - 2377.71533203125
            - 2664.940185546875
         -
            - 2407.47314453125
            - 2013.6800537109375
         -
            - 1779.1650390625
            - 1990.26123046875
      refined_valid:
         - 1
         - 1
         - 1
         - 1
      successful_scale_longest_sides:
         - 2256
         - 1805
         - 1289
         - 1003
         - 752
         - 564
         - 376
      corner_verification_debug:
         -
            corner_index: 0
            coarse_corner:
               - 1736.1103515625
               - 2621.77587890625
            verified_corner:
               - 1736.1103515625
               - 2621.77587890625
            subpix_corner:
               - 1738.7249755859375
               - 2618.3056640625
            verification_roi:
               - 1704
               - 2589
               - 66
               - 66
            prev_edge_direction:
               - 0.063205122947692871
               - -0.99800056219100952
            next_edge_direction:
               - 0.99766087532043457
               - 0.068357862532138824
            prev_marker_support_points:
               -
                  - 1743.320068359375
                  - 2593.371826171875
               -
                  - 1743.0772705078125
                  - 2581.384521484375
               -
                  - 1742.8343505859375
                  - 2569.397216796875
               -
                  - 1742.591552734375
                  - 2557.409912109375
               -
                  - 1743.3466796875
                  - 2545.48583984375
               -
                  - 1743.1038818359375
                  - 2533.49853515625
               -
                  - 1743.859130859375
                  - 2521.574462890625
               -
                  - 1744.6142578125
                  - 2509.650390625
               -
                  - 1744.371337890625
                  - 2497.66357421875
               -
                  - 1745.1265869140625
                  - 2485.739501953125
               -
                  - 1742.8876953125
                  - 2473.625732421875
               -
                  - 1736.6568603515625
                  - 2461.25927734375
               -
                  - 1745.3961181640625
                  - 2449.8408203125
               -
                  - 1747.1492919921875
                  - 2437.97998046875
               -
                  - 1747.904541015625
                  - 2426.055908203125
               -
                  - 1747.66162109375
                  - 2414.068603515625
            next_marker_support_points:
               -
                  - 1764.9417724609375
                  - 2622.34814453125
               -
                  - 1777.0860595703125
                  - 2622.177978515625
               -
                  - 1789.23046875
                  - 2622.007568359375
               -
                  - 1801.1697998046875
                  - 2624.830322265625
               -
                  - 1813.245849609375
                  - 2625.65771484375
               -
                  - 1825.32177734375
                  - 2626.485107421875
               -
                  - 1837.3294677734375
                  - 2628.310302734375
               -
                  - 1849.405517578125
                  - 2629.1376953125
               -
                  - 1861.4132080078125
                  - 2630.962890625
               -
                  - 1873.4892578125
                  - 2631.790283203125
               -
                  - 1885.565185546875
                  - 2632.61767578125
               -
                  - 1897.6412353515625
                  - 2633.445068359375
               -
                  - 1909.64892578125
                  - 2635.27001953125
               -
                  - 1921.656494140625
                  - 2637.09521484375
               -
                  - 1933.8009033203125
                  - 2636.925048828125
               -
                  - 1945.80859375
                  - 2638.750244140625
            prev_branch_points:
               []
            next_branch_points:
               []
            local_scale: 640.06787109375
            verification_roi_radius: 32
            candidate_radius: 0
            branch_search_radius: 0
            direction_consistency_score: 1.
            local_layout_score: 1.
            verification_quality: 1.
            coarse_to_verified_displacement: 0.
            coarse_to_subpix_displacement: 4.3449568748474121
            coarse_to_refined_displacement: 4.3449568748474121
            corner_marker_width: 160.0169677734375
            image_line_corner:
               - 0.
               - 0.
            prev_image_line_residual: 0.
            next_image_line_residual: 0.
            prev_image_line_support_count: 0
            next_image_line_support_count: 0
            image_line_valid: 0
            line_refinement_success: 1
            line_refinement_quality: 0.55242776209640665
            line_jump: 5.8399672508239746
            line_jump_limit: 0.
            line_inside: 1
            line_seed_gap: 5.8399672508239746
            line_seed_accepted: 1
            spherical_corner:
               - 1736.1103515625
               - 2621.77587890625
            prev_spherical_curve_points:
               []
            next_spherical_curve_points:
               []
            prev_spherical_residual: 0.
            next_spherical_residual: 0.
            prev_spherical_support_count: 0
            next_spherical_support_count: 0
            spherical_refinement_valid: 0
            spherical_refinement_applied: 0
            spherical_failure_reason: ""
            subpix_window_radius: 24
            refine_displacement_limit: 0.
            refined_valid: 1
            verification_passed: 1
            subpix_applied: 1
            failure_reason: cs_only
         -
            corner_index: 1
            coarse_corner:
               - 2383.0400390625
               - 2666.102294921875
            verified_corner:
               - 2383.0400390625
               - 2666.102294921875
            subpix_corner:
               - 2377.71533203125
