%YAML:1.0
---
format_version: outer_detection_cache_v2
absolute_image_path: "/Users/linzhaoxian/lzx-ws/project/calibr/tartancalib/image/dataset_4-22/right_record_20260421_140151/right_vimbax_camera_right_image_raw_000110_854409767900.png"
image_file_size: 6538937
image_mtime: 1776751367
detector_config_hash: a5f7c893e3a5f9e3
image_size:
   - 4512
   - 4512
requested_board_ids:
   - 1
   - 2
   - 3
   - 4
   - 5
detections:
   -
      success: 1
      board_id: 1
      detected_tag_id: 1
      original_longest_side: 4512
      chosen_scale_longest_side: 2256
      chosen_scale_factor: 0.5
      scale_configuration_mode: fixed_schedule
      used_corner_fusion: 1
      hamming: 0
      good: 1
      attempted_local_patch_rescue: 0
      used_local_patch_rescue: 0
      local_patch_rescue_summary: ""
      quality: 0.95881183308294304
      failure_reason: 0
      failure_reason_text: None
      coarse_corners_scaled_image:
         -
            - 1153.1773681640625
            - 1261.18115234375
         -
            - 1497.78076171875
            - 1277.844482421875
         -
            - 1503.308349609375
            - 922.62750244140625
         -
            - 1162.6888427734375
            - 920.298828125
      coarse_corners_original_image:
         -
            - 2306.354736328125
            - 2522.3623046875
         -
            - 2995.5615234375
            - 2555.68896484375
         -
            - 3006.61669921875
            - 1845.2550048828125
         -
            - 2325.377685546875
            - 1840.59765625
      refined_corners_original_image:
         -
            - 2307.12255859375
            - 2520.833251953125
         -
            - 2987.873046875
            - 2554.265380859375
         -
            - 2998.789794921875
            - 1853.07763671875
         -
            - 2325.742919921875
            - 1847.29052734375
      refined_valid:
         - 1
         - 1
         - 1
         - 1
      successful_scale_longest_sides:
         - 2256
         - 1805
         - 1289
         - 1003
         - 752
         - 564
         - 376
      corner_verification_debug:
         -
            corner_index: 0
            coarse_corner:
               - 2306.354736328125
               - 2522.3623046875
            verified_corner:
               - 2306.354736328125
               - 2522.3623046875
            subpix_corner:
               - 2307.12255859375
               - 2520.833251953125
            verification_roi:
               - 2272
               - 2488
               - 70
               - 70
            prev_edge_direction:
               - 0.02789166197180748
               - -0.99961096048355103
            next_edge_direction:
               - 0.99883294105529785
               - 0.048298660665750504
            prev_marker_support_points:
               -
                  - 2308.010498046875
                  - 2491.705078125
               -
                  - 2308.36572265625
                  - 2478.978759765625
               -
                  - 2308.720703125
                  - 2466.252685546875
               -
                  - 2309.075927734375
                  - 2453.5263671875
               -
                  - 2309.430908203125
                  - 2440.800048828125
               -
                  - 2309.7861328125
                  - 2428.07373046875
               -
                  - 2310.14111328125
                  - 2415.347412109375
               -
                  - 2311.495849609375
                  - 2402.649169921875
               -
                  - 2311.850830078125
                  - 2389.923095703125
               -
                  - 2312.2060546875
                  - 2377.19677734375
               -
                  - 2312.56103515625
                  - 2364.470458984375
               -
                  - 2312.916015625
                  - 2351.744140625
               -
                  - 2313.271240234375
                  - 2339.017822265625
               -
                  - 2313.626220703125
                  - 2326.291748046875
               -
                  - 2313.9814453125
                  - 2313.5654296875
               -
                  - 2314.33642578125
                  - 2300.839111328125
            next_marker_support_points:
               -
                  - 2337.048828125
                  - 2523.045654296875
               -
                  - 2349.86572265625
                  - 2524.66650390625
               -
                  - 2362.73095703125
                  - 2525.28857421875
               -
                  - 2375.59619140625
                  - 2525.91064453125
               -
                  - 2388.461181640625
                  - 2526.53271484375
               -
                  - 2401.2783203125
                  - 2528.153564453125
               -
                  - 2414.1435546875
                  - 2528.775634765625
               -
                  - 2427.0087890625
                  - 2529.397705078125
               -
                  - 2439.8740234375
                  - 2530.02001953125
               -
                  - 2452.690673828125
                  - 2531.64111328125
               -
                  - 2465.555908203125
                  - 2532.26318359375
               -
                  - 2478.421142578125
                  - 2532.88525390625
               -
                  - 2491.286376953125
                  - 2533.50732421875
               -
                  - 2504.103271484375
                  - 2535.128173828125
               -
                  - 2516.968505859375
                  - 2535.750244140625
               -
                  - 2529.833740234375
                  - 2536.372314453125
            prev_branch_points:
               []
            next_branch_points:
               []
            local_scale: 682.02996826171875
            verification_roi_radius: 34
            candidate_radius: 0
            branch_search_radius: 0
            direction_consistency_score: 1.
            local_layout_score: 1.
            verification_quality: 1.
            coarse_to_verified_displacement: 0.
            coarse_to_subpix_displacement: 1.7110093832015991
            coarse_to_refined_displacement: 1.7110093832015991
            corner_marker_width: 170.50749206542969
            image_line_corner:
               - 0.
               - 0.
            prev_image_line_residual: 0.
            next_image_line_residual: 0.
            prev_image_line_support_count: 0
            next_image_line_support_count: 0
            image_line_valid: 0
            line_refinement_success: 1
            line_refinement_quality: 0.88515743845811756
            line_jump: 1.1701959371566772
            line_jump_limit: 0.
            line_inside: 1
            line_seed_gap: 1.1701959371566772
            line_seed_accepted: 1
            spherical_corner:
               - 2306.354736328125
               - 2522.3623046875
            prev_spherical_curve_points:
               []
            next_spherical_curve_points:
               []
            prev_spherical_residual: 0.
            next_spherical_residual: 0.
            prev_spherical_support_count: 0
            next_spherical_support_count: 0
            spherical_refinement_valid: 0
            spherical_refinement_applied: 0
            spherical_failure_reason: ""
            subpix_window_radius: 26
            refine_displacement_limit: 0.
            refined_valid: 1
            verification_passed: 1
            subpix_applied: 1
            failure_reason: cs_only
         -
            corner_index: 1
            coarse_corner:
               - 2995.5615234375
               - 2555.68896484375
            verified_corner:
               - 2995.5615234375
               - 2555.68896484375
            subpix_corner:
               - 2987.873046875
               - 2554.265380859375
