%YAML:1.0
---
format_version: outer_detection_cache_v2
absolute_image_path: "/Users/linzhaoxian/lzx-ws/project/calibr/tartancalib/image/dataset_4-22/right_record_20260421_140151/right_vimbax_camera_right_image_raw_000085_842386123500.png"
image_file_size: 6606888
image_mtime: 1776751355
detector_config_hash: a5f7c893e3a5f9e3
image_size:
   - 4512
   - 4512
requested_board_ids:
   - 1
   - 2
   - 3
   - 4
   - 5
detections:
   -
      success: 1
      board_id: 1
      detected_tag_id: 1
      original_longest_side: 4512
      chosen_scale_longest_side: 2256
      chosen_scale_factor: 0.5
      scale_configuration_mode: fixed_schedule
      used_corner_fusion: 1
      hamming: 0
      good: 1
      attempted_local_patch_rescue: 0
      used_local_patch_rescue: 0
      local_patch_rescue_summary: ""
      quality: 0.9482253792742702
      failure_reason: 0
      failure_reason_text: None
      coarse_corners_scaled_image:
         -
            - 879.38818359375
            - 1276.4039306640625
         -
            - 1259.49462890625
            - 1297.3228759765625
         -
            - 1269.1019287109375
            - 910.052490234375
         -
            - 898.3511962890625
            - 909.5611572265625
      coarse_corners_original_image:
         -
            - 1758.7763671875
            - 2552.807861328125
         -
            - 2518.9892578125
            - 2594.645751953125
         -
            - 2538.203857421875
            - 1820.10498046875
         -
            - 1796.702392578125
            - 1819.122314453125
      refined_corners_original_image:
         -
            - 1769.802978515625
            - 2549.777587890625
         -
            - 2515.591064453125
            - 2590.645263671875
         -
            - 2534.591064453125
            - 1828.2503662109375
         -
            - 1804.6710205078125
            - 1826.9410400390625
      refined_valid:
         - 1
         - 1
         - 1
         - 1
      successful_scale_longest_sides:
         - 2256
         - 1805
         - 1289
         - 1003
         - 752
         - 564
         - 376
      corner_verification_debug:
         -
            corner_index: 0
            coarse_corner:
               - 1758.7763671875
               - 2552.807861328125
            verified_corner:
               - 1758.7763671875
               - 2552.807861328125
            subpix_corner:
               - 1769.802978515625
               - 2549.777587890625
            verification_roi:
               - 1721
               - 2515
               - 76
               - 76
            prev_edge_direction:
               - 0.051623553037643433
               - -0.99866658449172974
            next_edge_direction:
               - 0.99848902225494385
               - 0.05495128408074379
            prev_marker_support_points:
               -
                  - 1769.3712158203125
                  - 2520.25146484375
               -
                  - 1769.08056640625
                  - 2506.504150390625
               -
                  - 1769.7884521484375
                  - 2492.808837890625
               -
                  - 1769.4976806640625
                  - 2479.061767578125
               -
                  - 1769.2069091796875
                  - 2465.31494140625
               -
                  - 1769.9149169921875
                  - 2451.619384765625
               -
                  - 1769.6241455078125
                  - 2437.8720703125
               -
                  - 1770.3321533203125
                  - 2424.1767578125
               -
                  - 1770.0413818359375
                  - 2410.4296875
               -
                  - 1770.7493896484375
                  - 2396.734375
               -
                  - 1770.458740234375
                  - 2382.987060546875
               -
                  - 1771.1666259765625
                  - 2369.29150390625
               -
                  - 1770.8759765625
                  - 2355.544677734375
               -
                  - 1771.5838623046875
                  - 2341.84912109375
               -
                  - 1771.293212890625
                  - 2328.101806640625
               -
                  - 1772.0010986328125
                  - 2314.406494140625
            next_marker_support_points:
               -
                  - 1792.000732421875
                  - 2550.73046875
               -
                  - 1806.1912841796875
                  - 2551.511474609375
               -
                  - 1820.326904296875
                  - 2553.291015625
               -
                  - 1834.517578125
                  - 2554.072021484375
               -
                  - 1848.6533203125
                  - 2555.851318359375
               -
                  - 1862.8438720703125
                  - 2556.632080078125
               -
                  - 1876.9796142578125
                  - 2558.41162109375
               -
                  - 1891.1702880859375
                  - 2559.192626953125
               -
                  - 1905.3609619140625
                  - 2559.9736328125
               -
                  - 1919.49658203125
                  - 2561.753173828125
               -
                  - 1933.687255859375
                  - 2562.5341796875
               -
                  - 1947.8779296875
                  - 2563.315185546875
               -
                  - 1962.0135498046875
                  - 2565.0947265625
               -
                  - 1976.2042236328125
                  - 2565.87548828125
               -
                  - 1990.3948974609375
                  - 2566.656494140625
               -
                  - 2004.5855712890625
                  - 2567.4375
            prev_branch_points:
               []
            next_branch_points:
               []
            local_scale: 734.6651611328125
            verification_roi_radius: 37
            candidate_radius: 0
            branch_search_radius: 0
            direction_consistency_score: 1.
            local_layout_score: 1.
            verification_quality: 1.
            coarse_to_verified_displacement: 0.
            coarse_to_subpix_displacement: 11.435415267944336
            coarse_to_refined_displacement: 11.435415267944336
            corner_marker_width: 183.66629028320312
            image_line_corner:
               - 0.
               - 0.
            prev_image_line_residual: 0.
            next_image_line_residual: 0.
            prev_image_line_support_count: 0
            next_image_line_support_count: 0
            image_line_valid: 0
            line_refinement_success: 1
            line_refinement_quality: 0.88144512812082765
            line_jump: 10.755613327026367
            line_jump_limit: 0.
            line_inside: 1
            line_seed_gap: 10.755613327026367
            line_seed_accepted: 1
            spherical_corner:
               - 1758.7763671875
               - 2552.807861328125
            prev_spherical_curve_points:
               []
            next_spherical_curve_points:
               []
            prev_spherical_residual: 0.
            next_spherical_residual: 0.
            prev_spherical_support_count: 0
            next_spherical_support_count: 0
            spherical_refinement_valid: 0
            spherical_refinement_applied: 0
            spherical_failure_reason: ""
            subpix_window_radius: 28
            refine_displacement_limit: 0.
            refined_valid: 1
            verification_passed: 1
            subpix_applied: 1
            failure_reason: cs_only
         -
            corner_index: 1
            coarse_corner:
               - 2518.9892578125
               - 2594.645751953125
            verified_corner:
               - 2518.9892578125
               - 2594.645751953125
            subpix_corner:
               - 2515.591064453125
