%YAML:1.0
---
format_version: outer_detection_cache_v2
absolute_image_path: "/Users/linzhaoxian/lzx-ws/project/calibr/tartancalib/image/dataset_4-22/right_record_20260421_140151/right_vimbax_camera_right_image_raw_000086_842867069200.png"
image_file_size: 6538122
image_mtime: 1776751355
detector_config_hash: a5f7c893e3a5f9e3
image_size:
   - 4512
   - 4512
requested_board_ids:
   - 1
   - 2
   - 3
   - 4
   - 5
detections:
   -
      success: 1
      board_id: 1
      detected_tag_id: 1
      original_longest_side: 4512
      chosen_scale_longest_side: 3008
      chosen_scale_factor: 0.66666666666666663
      scale_configuration_mode: fixed_schedule
      used_corner_fusion: 1
      hamming: 0
      good: 1
      attempted_local_patch_rescue: 0
      used_local_patch_rescue: 0
      local_patch_rescue_summary: ""
      quality: 0.95221705139666091
      failure_reason: 0
      failure_reason_text: None
      coarse_corners_scaled_image:
         -
            - 1172.8914794921875
            - 1700.3980712890625
         -
            - 1680.4755859375
            - 1728.9822998046875
         -
            - 1694.6846923828125
            - 1212.947265625
         -
            - 1199.7227783203125
            - 1209.5672607421875
      coarse_corners_original_image:
         -
            - 1759.3372802734375
            - 2550.59716796875
         -
            - 2520.71337890625
            - 2593.473388671875
         -
            - 2542.027099609375
            - 1819.4208984375
         -
            - 1799.5841064453125
            - 1814.3509521484375
      refined_corners_original_image:
         -
            - 1769.7335205078125
            - 2547.63525390625
         -
            - 2517.309326171875
            - 2590.01416015625
         -
            - 2537.88427734375
            - 1827.136962890625
         -
            - 1806.6402587890625
            - 1823.6129150390625
      refined_valid:
         - 1
         - 1
         - 1
         - 1
      successful_scale_longest_sides:
         - 3008
         - 2256
         - 1805
         - 1289
         - 1003
         - 752
         - 564
         - 376
      corner_verification_debug:
         -
            corner_index: 0
            coarse_corner:
               - 1759.3372802734375
               - 2550.59716796875
            verified_corner:
               - 1759.3372802734375
               - 2550.59716796875
            subpix_corner:
               - 1769.7335205078125
               - 2547.63525390625
            verification_roi:
               - 1722
               - 2513
               - 76
               - 76
            prev_edge_direction:
               - 0.054583404213190079
               - -0.99850916862487793
            next_edge_direction:
               - 0.99841815233230591
               - 0.056225031614303589
            prev_marker_support_points:
               -
                  - 1770.03515625
                  - 2517.951904296875
               -
                  - 1769.787841796875
                  - 2504.154052734375
               -
                  - 1769.5406494140625
                  - 2490.356201171875
               -
                  - 1769.29345703125
                  - 2476.558349609375
               -
                  - 1770.044677734375
                  - 2462.815185546875
               -
                  - 1769.7974853515625
                  - 2449.017333984375
               -
                  - 1769.5501708984375
                  - 2435.219482421875
               -
                  - 1770.301513671875
                  - 2421.47607421875
               -
                  - 1770.05419921875
                  - 2407.67822265625
               -
                  - 1770.8055419921875
                  - 2393.93505859375
               -
                  - 1771.5567626953125
                  - 2380.191650390625
               -
                  - 1771.3095703125
                  - 2366.39404296875
               -
                  - 1771.0623779296875
                  - 2352.595947265625
               -
                  - 1771.8135986328125
                  - 2338.852783203125
               -
                  - 1772.56494140625
                  - 2325.109619140625
               -
                  - 1772.317626953125
                  - 2311.311767578125
            next_marker_support_points:
               -
                  - 1792.62841796875
                  - 2549.567138671875
               -
                  - 1806.7845458984375
                  - 2551.3662109375
               -
                  - 1820.996826171875
                  - 2552.16650390625
               -
                  - 1835.153076171875
                  - 2553.965087890625
               -
                  - 1849.3653564453125
                  - 2554.765380859375
               -
                  - 1863.521484375
                  - 2556.564453125
               -
                  - 1877.73388671875
                  - 2557.36474609375
               -
                  - 1891.9461669921875
                  - 2558.1650390625
               -
                  - 1906.102294921875
                  - 2559.963623046875
               -
                  - 1920.3145751953125
                  - 2560.76416015625
               -
                  - 1934.5269775390625
                  - 2561.564453125
               -
                  - 1948.6832275390625
                  - 2563.36328125
               -
                  - 1962.8955078125
                  - 2564.163818359375
               -
                  - 1977.10791015625
                  - 2564.964111328125
               -
                  - 1991.263916015625
                  - 2566.762939453125
               -
                  - 2005.476318359375
                  - 2567.563232421875
            prev_branch_points:
               []
            next_branch_points:
               []
            local_scale: 737.345458984375
            verification_roi_radius: 37
            candidate_radius: 0
            branch_search_radius: 0
            direction_consistency_score: 1.
            local_layout_score: 1.
            verification_quality: 1.
            coarse_to_verified_displacement: 0.
            coarse_to_subpix_displacement: 10.809937477111816
            coarse_to_refined_displacement: 10.809937477111816
            corner_marker_width: 184.33636474609375
            image_line_corner:
               - 0.
               - 0.
            prev_image_line_residual: 0.
            next_image_line_residual: 0.
            prev_image_line_support_count: 0
            next_image_line_support_count: 0
            image_line_valid: 0
            line_refinement_success: 1
            line_refinement_quality: 0.85301812837047253
            line_jump: 9.774500846862793
            line_jump_limit: 0.
            line_inside: 1
            line_seed_gap: 9.774500846862793
            line_seed_accepted: 1
            spherical_corner:
               - 1759.3372802734375
               - 2550.59716796875
            prev_spherical_curve_points:
               []
            next_spherical_curve_points:
               []
            prev_spherical_residual: 0.
            next_spherical_residual: 0.
            prev_spherical_support_count: 0
            next_spherical_support_count: 0
            spherical_refinement_valid: 0
            spherical_refinement_applied: 0
            spherical_failure_reason: ""
            subpix_window_radius: 28
            refine_displacement_limit: 0.
            refined_valid: 1
            verification_passed: 1
            subpix_applied: 1
            failure_reason: cs_only
         -
            corner_index: 1
            coarse_corner:
               - 2520.71337890625
               - 2593.473388671875
            verified_corner:
               - 2520.71337890625
               - 2593.473388671875
