%YAML:1.0
---
format_version: outer_detection_cache_v2
absolute_image_path: "/Users/linzhaoxian/lzx-ws/project/calibr/tartancalib/image/dataset_4-22/right_record_20260421_140151/right_vimbax_camera_right_image_raw_000338_965989188400.png"
image_file_size: 6521319
image_mtime: 1776751481
detector_config_hash: a5f7c893e3a5f9e3
image_size:
   - 4512
   - 4512
requested_board_ids:
   - 1
   - 2
   - 3
   - 4
   - 5
detections:
   -
      success: 1
      board_id: 1
      detected_tag_id: 1
      original_longest_side: 4512
      chosen_scale_longest_side: 752
      chosen_scale_factor: 0.16666666666666666
      scale_configuration_mode: fixed_schedule
      used_corner_fusion: 1
      hamming: 0
      good: 1
      attempted_local_patch_rescue: 0
      used_local_patch_rescue: 0
      local_patch_rescue_summary: ""
      quality: 0.96829006446946875
      failure_reason: 0
      failure_reason_text: None
      coarse_corners_scaled_image:
         -
            - 311.81414794921875
            - 388.62728881835938
         -
            - 425.58193969726562
            - 394.3585205078125
         -
            - 430.08132934570312
            - 280.180419921875
         -
            - 316.53982543945312
            - 278.08493041992188
      coarse_corners_original_image:
         -
            - 1870.8848876953125
            - 2331.763671875
         -
            - 2553.49169921875
            - 2366.151123046875
         -
            - 2580.488037109375
            - 1681.08251953125
         -
            - 1899.239013671875
            - 1668.5096435546875
      refined_corners_original_image:
         -
            - 1879.1392822265625
            - 2335.59814453125
         -
            - 2552.170654296875
            - 2371.197998046875
         -
            - 2579.34912109375
            - 1698.7882080078125
         -
            - 1906.891845703125
            - 1679.236083984375
      refined_valid:
         - 1
         - 1
         - 1
         - 1
      successful_scale_longest_sides:
         - 752
         - 564
         - 376
      corner_verification_debug:
         -
            corner_index: 0
            coarse_corner:
               - 1870.8848876953125
               - 2331.763671875
            verified_corner:
               - 1870.8848876953125
               - 2331.763671875
            subpix_corner:
               - 1879.1392822265625
               - 2335.59814453125
            verification_roi:
               - 1837
               - 2298
               - 68
               - 68
            prev_edge_direction:
               - 0.042711015790700912
               - -0.99908751249313354
            next_edge_direction:
               - 0.9987335205078125
               - 0.050312858074903488
            prev_marker_support_points:
               -
                  - 1878.2552490234375
                  - 2302.177734375
               -
                  - 1878.7845458984375
                  - 2289.797119140625
               -
                  - 1878.314697265625
                  - 2277.37353515625
               -
                  - 1878.843994140625
                  - 2264.99267578125
               -
                  - 1877.3751220703125
                  - 2252.526611328125
               -
                  - 1877.9044189453125
                  - 2240.145751953125
               -
                  - 1878.43359375
                  - 2227.76513671875
               -
                  - 1878.962890625
                  - 2215.38427734375
               -
                  - 1879.4921875
                  - 2203.003662109375
               -
                  - 1879.0224609375
                  - 2190.580078125
               -
                  - 1879.5517578125
                  - 2178.199462890625
               -
                  - 1880.0810546875
                  - 2165.818603515625
               -
                  - 1879.6112060546875
                  - 2153.395263671875
               -
                  - 1880.140380859375
                  - 2141.014404296875
               -
                  - 1880.669677734375
                  - 2128.6337890625
               -
                  - 1880.1998291015625
                  - 2116.210205078125
            next_marker_support_points:
               -
                  - 1900.6251220703125
                  - 2335.164306640625
               -
                  - 1913.31689453125
                  - 2336.804931640625
               -
                  - 1925.8575439453125
                  - 2341.44189453125
               -
                  - 1938.599609375
                  - 2342.083740234375
               -
                  - 1951.240966796875
                  - 2344.722900390625
               -
                  - 1964.2847900390625
                  - 2339.37255859375
               -
                  - 1976.8758544921875
                  - 2343.0107421875
               -
                  - 1989.768798828125
                  - 2340.65625
               -
                  - 2002.4605712890625
                  - 2342.296875
               -
                  - 2015.152099609375
                  - 2343.9375
               -
                  - 2027.89404296875
                  - 2344.57958984375
               -
                  - 2040.6865234375
                  - 2344.22265625
               -
                  - 2053.57958984375
                  - 2341.868408203125
               -
                  - 2065.86865234375
                  - 2351.498779296875
               -
                  - 2078.962646484375
                  - 2345.1494140625
               -
                  - 2091.70458984375
                  - 2345.79150390625
            prev_branch_points:
               []
            next_branch_points:
               []
            local_scale: 663.85980224609375
            verification_roi_radius: 33
            candidate_radius: 0
            branch_search_radius: 0
            direction_consistency_score: 1.
            local_layout_score: 1.
            verification_quality: 1.
            coarse_to_verified_displacement: 0.
            coarse_to_subpix_displacement: 9.1015501022338867
            coarse_to_refined_displacement: 9.1015501022338867
            corner_marker_width: 165.96495056152344
            image_line_corner:
               - 0.
               - 0.
            prev_image_line_residual: 0.
            next_image_line_residual: 0.
            prev_image_line_support_count: 0
            next_image_line_support_count: 0
            image_line_valid: 0
            line_refinement_success: 0
            line_refinement_quality: 0.
            line_jump: 2989.537109375
            line_jump_limit: 0.
            line_inside: 0
            line_seed_gap: 2989.537109375
            line_seed_accepted: 0
            spherical_corner:
               - 1870.8848876953125
               - 2331.763671875
            prev_spherical_curve_points:
               []
            next_spherical_curve_points:
               []
            prev_spherical_residual: 0.
            next_spherical_residual: 0.
            prev_spherical_support_count: 0
            next_spherical_support_count: 0
            spherical_refinement_valid: 0
            spherical_refinement_applied: 0
            spherical_failure_reason: ""
            subpix_window_radius: 25
            refine_displacement_limit: 0.
            refined_valid: 1
            verification_passed: 1
            subpix_applied: 1
            failure_reason: cs_only
         -
            corner_index: 1
            coarse_corner:
               - 2553.49169921875
               - 2366.151123046875
            verified_corner:
               - 2553.49169921875
               - 2366.151123046875
            subpix_corner:
               - 2552.170654296875
               - 2371.197998046875
            verification_roi:
               - 2519
