%YAML:1.0
---
format_version: outer_detection_cache_v2
absolute_image_path: "/Users/linzhaoxian/lzx-ws/project/calibr/tartancalib/image/dataset_4-22/right_record_20260421_140151/right_vimbax_camera_right_image_raw_000335_964546351100.png"
image_file_size: 6604723
image_mtime: 1776751479
detector_config_hash: a5f7c893e3a5f9e3
image_size:
   - 4512
   - 4512
requested_board_ids:
   - 1
   - 2
   - 3
   - 4
   - 5
detections:
   -
      success: 1
      board_id: 1
      detected_tag_id: 1
      original_longest_side: 4512
      chosen_scale_longest_side: 3008
      chosen_scale_factor: 0.66666666666666663
      scale_configuration_mode: fixed_schedule
      used_corner_fusion: 1
      hamming: 0
      good: 1
      attempted_local_patch_rescue: 0
      used_local_patch_rescue: 0
      local_patch_rescue_summary: ""
      quality: 0.97875118835495312
      failure_reason: 0
      failure_reason_text: None
      coarse_corners_scaled_image:
         -
            - 1242.8485107421875
            - 1512.6124267578125
         -
            - 1713.8299560546875
            - 1533.9862060546875
         -
            - 1731.9512939453125
            - 1060.9769287109375
         -
            - 1259.6759033203125
            - 1049.6201171875
      coarse_corners_original_image:
         -
            - 1864.2728271484375
            - 2268.918701171875
         -
            - 2570.744873046875
            - 2300.979248046875
         -
            - 2597.927001953125
            - 1591.46533203125
         -
            - 1889.5137939453125
            - 1574.43017578125
      refined_corners_original_image:
         -
            - 1870.7567138671875
            - 2270.84521484375
         -
            - 2568.14892578125
            - 2303.319580078125
         -
            - 2594.89697265625
            - 1603.7786865234375
         -
            - 1896.6187744140625
            - 1591.221435546875
      refined_valid:
         - 1
         - 1
         - 1
         - 1
      successful_scale_longest_sides:
         - 3008
         - 1289
         - 1003
         - 752
         - 564
         - 376
      corner_verification_debug:
         -
            corner_index: 0
            coarse_corner:
               - 1864.2728271484375
               - 2268.918701171875
            verified_corner:
               - 1864.2728271484375
               - 2268.918701171875
            subpix_corner:
               - 1870.7567138671875
               - 2270.84521484375
            verification_roi:
               - 1829
               - 2233
               - 72
               - 72
            prev_edge_direction:
               - 0.036320704966783524
               - -0.99934017658233643
            next_edge_direction:
               - 0.99897181987762451
               - 0.045334536582231522
            prev_marker_support_points:
               -
                  - 1869.90576171875
                  - 2237.830078125
               -
                  - 1870.376953125
                  - 2224.8662109375
               -
                  - 1869.8486328125
                  - 2211.866455078125
               -
                  - 1870.31982421875
                  - 2198.902587890625
               -
                  - 1869.7916259765625
                  - 2185.90234375
               -
                  - 1870.2628173828125
                  - 2172.938720703125
               -
                  - 1870.7340087890625
                  - 2159.974853515625
               -
                  - 1870.205810546875
                  - 2146.974609375
               -
                  - 1870.677001953125
                  - 2134.010986328125
               -
                  - 1871.148193359375
                  - 2121.047119140625
               -
                  - 1870.6199951171875
                  - 2108.046875
               -
                  - 1871.091064453125
                  - 2095.083251953125
               -
                  - 1871.562255859375
                  - 2082.119384765625
               -
                  - 1872.033447265625
                  - 2069.155517578125
               -
                  - 1871.50537109375
                  - 2056.15576171875
               -
                  - 1871.9765625
                  - 2043.1917724609375
            next_marker_support_points:
               -
                  - 1895.3546142578125
                  - 2273.832763671875
               -
                  - 1908.496826171875
                  - 2275.43017578125
               -
                  - 1921.7296142578125
                  - 2275.02978515625
               -
                  - 1934.8717041015625
                  - 2276.627197265625
               -
                  - 1948.0592041015625
                  - 2277.2255859375
               -
                  - 1961.2467041015625
                  - 2277.82421875
               -
                  - 1974.4342041015625
                  - 2278.422607421875
               -
                  - 1987.6669921875
                  - 2278.02197265625
               -
                  - 2000.8092041015625
                  - 2279.619384765625
               -
                  - 2013.99658203125
                  - 2280.218017578125
               -
                  - 2027.18408203125
                  - 2280.81640625
               -
                  - 2040.37158203125
                  - 2281.414794921875
               -
                  - 2053.558837890625
                  - 2282.013427734375
               -
                  - 2066.746337890625
                  - 2282.61181640625
               -
                  - 2079.933837890625
                  - 2283.210205078125
               -
                  - 2093.121337890625
                  - 2283.808837890625
            prev_branch_points:
               []
            next_branch_points:
               []
            local_scale: 694.94708251953125
            verification_roi_radius: 35
            candidate_radius: 0
            branch_search_radius: 0
            direction_consistency_score: 1.
            local_layout_score: 1.
            verification_quality: 1.
            coarse_to_verified_displacement: 0.
            coarse_to_subpix_displacement: 6.764040470123291
            coarse_to_refined_displacement: 6.764040470123291
            corner_marker_width: 173.73677062988281
            image_line_corner:
               - 0.
               - 0.
            prev_image_line_residual: 0.
            next_image_line_residual: 0.
            prev_image_line_support_count: 0
            next_image_line_support_count: 0
            image_line_valid: 0
            line_refinement_success: 1
            line_refinement_quality: 0.8676459938409522
            line_jump: 6.4741411209106445
            line_jump_limit: 0.
            line_inside: 1
            line_seed_gap: 6.4741411209106445
            line_seed_accepted: 1
            spherical_corner:
               - 1864.2728271484375
               - 2268.918701171875
            prev_spherical_curve_points:
               []
            next_spherical_curve_points:
               []
            prev_spherical_residual: 0.
            next_spherical_residual: 0.
            prev_spherical_support_count: 0
            next_spherical_support_count: 0
            spherical_refinement_valid: 0
            spherical_refinement_applied: 0
            spherical_failure_reason: ""
            subpix_window_radius: 26
            refine_displacement_limit: 0.
            refined_valid: 1
            verification_passed: 1
            subpix_applied: 1
            failure_reason: cs_only
         -
            corner_index: 1
            coarse_corner:
               - 2570.744873046875
               - 2300.979248046875
            verified_corner:
               - 2570.744873046875
               - 2300.979248046875
            subpix_corner:
