%YAML:1.0
---
format_version: outer_detection_cache_v2
absolute_image_path: "/Users/linzhaoxian/lzx-ws/project/calibr/tartancalib/image/dataset_4-22/right_record_20260421_140151/right_vimbax_camera_right_image_raw_000075_837576665700.png"
image_file_size: 6602644
image_mtime: 1776751350
detector_config_hash: a5f7c893e3a5f9e3
image_size:
   - 4512
   - 4512
requested_board_ids:
   - 1
   - 2
   - 3
   - 4
   - 5
detections:
   -
      success: 1
      board_id: 1
      detected_tag_id: 1
      original_longest_side: 4512
      chosen_scale_longest_side: 2256
      chosen_scale_factor: 0.5
      scale_configuration_mode: fixed_schedule
      used_corner_fusion: 1
      hamming: 0
      good: 1
      attempted_local_patch_rescue: 0
      used_local_patch_rescue: 0
      local_patch_rescue_summary: ""
      quality: 0.94563009993204472
      failure_reason: 0
      failure_reason_text: None
      coarse_corners_scaled_image:
         -
            - 868.303955078125
            - 1306.8258056640625
         -
            - 1297.2166748046875
            - 1332.697998046875
         -
            - 1307.214599609375
            - 897.51641845703125
         -
            - 892.06793212890625
            - 895.8829345703125
      coarse_corners_original_image:
         -
            - 1736.60791015625
            - 2613.651611328125
         -
            - 2594.433349609375
            - 2665.39599609375
         -
            - 2614.42919921875
            - 1795.0328369140625
         -
            - 1784.1358642578125
            - 1791.765869140625
      refined_corners_original_image:
         -
            - 1749.5032958984375
            - 2610.274658203125
         -
            - 2587.74169921875
            - 2660.030517578125
         -
            - 2607.27734375
            - 1805.974365234375
         -
            - 1792.423583984375
            - 1803.922119140625
      refined_valid:
         - 1
         - 1
         - 1
         - 1
      successful_scale_longest_sides:
         - 2256
         - 1289
         - 1003
         - 752
         - 564
         - 376
      corner_verification_debug:
         -
            corner_index: 0
            coarse_corner:
               - 1736.60791015625
               - 2613.651611328125
            verified_corner:
               - 1736.60791015625
               - 2613.651611328125
            subpix_corner:
               - 1749.5032958984375
               - 2610.274658203125
            verification_roi:
               - 1695
               - 2572
               - 84
               - 84
            prev_edge_direction:
               - 0.057731486856937408
               - -0.99833220243453979
            next_edge_direction:
               - 0.99818569421768188
               - 0.060210973024368286
            prev_marker_support_points:
               -
                  - 1748.4305419921875
                  - 2577.226806640625
               -
                  - 1748.3194580078125
                  - 2561.8271484375
               -
                  - 1748.2081298828125
                  - 2546.427490234375
               -
                  - 1748.0970458984375
                  - 2531.02783203125
               -
                  - 1747.9859619140625
                  - 2515.62841796875
               -
                  - 1747.874755859375
                  - 2500.228759765625
               -
                  - 1748.761962890625
                  - 2484.88671875
               -
                  - 1748.65087890625
                  - 2469.4873046875
               -
                  - 1749.5379638671875
                  - 2454.1455078125
               -
                  - 1749.4268798828125
                  - 2438.74560546875
               -
                  - 1749.315673828125
                  - 2423.34619140625
               -
                  - 1750.202880859375
                  - 2408.00439453125
               -
                  - 1750.091796875
                  - 2392.60498046875
               -
                  - 1749.9805908203125
                  - 2377.205078125
               -
                  - 1750.8677978515625
                  - 2361.86328125
               -
                  - 1751.7548828125
                  - 2346.521484375
            next_marker_support_points:
               -
                  - 1773.75
                  - 2613.187255859375
               -
                  - 1789.7025146484375
                  - 2615.151123046875
               -
                  - 1805.6549072265625
                  - 2617.115234375
               -
                  - 1821.667724609375
                  - 2618.081298828125
               -
                  - 1837.6202392578125
                  - 2620.04541015625
               -
                  - 1853.6329345703125
                  - 2621.01123046875
               -
                  - 1869.5855712890625
                  - 2622.97509765625
               -
                  - 1885.5380859375
                  - 2624.939453125
               -
                  - 1901.5509033203125
                  - 2625.9052734375
               -
                  - 1917.5032958984375
                  - 2627.869140625
               -
                  - 1933.5159912109375
                  - 2628.835205078125
               -
                  - 1949.4686279296875
                  - 2630.79931640625
               -
                  - 1965.4813232421875
                  - 2631.76513671875
               -
                  - 1981.4940185546875
                  - 2632.731201171875
               -
                  - 1997.4466552734375
                  - 2634.695068359375
               -
                  - 2013.4593505859375
                  - 2635.660888671875
            prev_branch_points:
               []
            next_branch_points:
               []
            local_scale: 823.2587890625
            verification_roi_radius: 41
            candidate_radius: 0
            branch_search_radius: 0
            direction_consistency_score: 1.
            local_layout_score: 1.
            verification_quality: 1.
            coarse_to_verified_displacement: 0.
            coarse_to_subpix_displacement: 13.330221176147461
            coarse_to_refined_displacement: 13.330221176147461
            corner_marker_width: 205.814697265625
            image_line_corner:
               - 0.
               - 0.
            prev_image_line_residual: 0.
            next_image_line_residual: 0.
            prev_image_line_support_count: 0
            next_image_line_support_count: 0
            image_line_valid: 0
            line_refinement_success: 1
            line_refinement_quality: 0.8579151691957172
            line_jump: 11.705316543579102
            line_jump_limit: 0.
            line_inside: 1
            line_seed_gap: 11.705316543579102
            line_seed_accepted: 1
            spherical_corner:
               - 1736.60791015625
               - 2613.651611328125
            prev_spherical_curve_points:
               []
            next_spherical_curve_points:
               []
            prev_spherical_residual: 0.
            next_spherical_residual: 0.
            prev_spherical_support_count: 0
            next_spherical_support_count: 0
            spherical_refinement_valid: 0
            spherical_refinement_applied: 0
            spherical_failure_reason: ""
            subpix_window_radius: 31
            refine_displacement_limit: 0.
            refined_valid: 1
            verification_passed: 1
            subpix_applied: 1
            failure_reason: cs_only
         -
            corner_index: 1
            coarse_corner:
               - 2594.433349609375
               - 2665.39599609375
            verified_corner:
               - 2594.433349609375
               - 2665.39599609375
            subpix_corner:
               - 2587.74169921875
