%YAML:1.0
---
format_version: outer_detection_cache_v2
absolute_image_path: "/Users/linzhaoxian/lzx-ws/project/calibr/tartancalib/image/dataset_4-22/right_record_20260421_140151/right_vimbax_camera_right_image_raw_000115_856814496800.png"
image_file_size: 6516591
image_mtime: 1776751370
detector_config_hash: a5f7c893e3a5f9e3
image_size:
   - 4512
   - 4512
requested_board_ids:
   - 1
   - 2
   - 3
   - 4
   - 5
detections:
   -
      success: 1
      board_id: 1
      detected_tag_id: 1
      original_longest_side: 4512
      chosen_scale_longest_side: 2256
      chosen_scale_factor: 0.5
      scale_configuration_mode: fixed_schedule
      used_corner_fusion: 1
      hamming: 0
      good: 1
      attempted_local_patch_rescue: 0
      used_local_patch_rescue: 0
      local_patch_rescue_summary: ""
      quality: 0.95542493591510091
      failure_reason: 0
      failure_reason_text: None
      coarse_corners_scaled_image:
         -
            - 1151.3433837890625
            - 1279.421142578125
         -
            - 1487.2188720703125
            - 1293.1783447265625
         -
            - 1489.963623046875
            - 947.7855224609375
         -
            - 1159.956298828125
            - 947.82598876953125
      coarse_corners_original_image:
         -
            - 2302.686767578125
            - 2558.84228515625
         -
            - 2974.437744140625
            - 2586.356689453125
         -
            - 2979.92724609375
            - 1895.571044921875
         -
            - 2319.91259765625
            - 1895.6519775390625
      refined_corners_original_image:
         -
            - 2303.519775390625
            - 2557.14208984375
         -
            - 2967.67236328125
            - 2585.3759765625
         -
            - 2974.3291015625
            - 1901.7947998046875
         -
            - 2320.8759765625
            - 1901.46923828125
      refined_valid:
         - 1
         - 1
         - 1
         - 1
      successful_scale_longest_sides:
         - 2256
         - 1805
         - 1289
         - 1003
         - 752
         - 564
         - 376
      corner_verification_debug:
         -
            corner_index: 0
            coarse_corner:
               - 2302.686767578125
               - 2558.84228515625
            verified_corner:
               - 2302.686767578125
               - 2558.84228515625
            subpix_corner:
               - 2303.519775390625
               - 2557.14208984375
            verification_roi:
               - 2269
               - 2525
               - 68
               - 68
            prev_edge_direction:
               - 0.025965429842472076
               - -0.99966281652450562
            next_edge_direction:
               - 0.99916225671768188
               - 0.040924917906522751
            prev_marker_support_points:
               -
                  - 2304.5615234375
                  - 2529.02734375
               -
                  - 2304.883056640625
                  - 2516.647705078125
               -
                  - 2305.20458984375
                  - 2504.26806640625
               -
                  - 2305.526123046875
                  - 2491.888671875
               -
                  - 2305.84765625
                  - 2479.509033203125
               -
                  - 2306.169189453125
                  - 2467.129638671875
               -
                  - 2306.49072265625
                  - 2454.75
               -
                  - 2306.8125
                  - 2442.370361328125
               -
                  - 2307.134033203125
                  - 2429.990966796875
               -
                  - 2307.45556640625
                  - 2417.611328125
               -
                  - 2307.777099609375
                  - 2405.231689453125
               -
                  - 2308.0986328125
                  - 2392.852294921875
               -
                  - 2308.420166015625
                  - 2380.47265625
               -
                  - 2308.74169921875
                  - 2368.093017578125
               -
                  - 2310.06298828125
                  - 2355.739501953125
               -
                  - 2309.384765625
                  - 2343.333984375
            next_marker_support_points:
               -
                  - 2332.478515625
                  - 2560.963134765625
               -
                  - 2345.017822265625
                  - 2561.476806640625
               -
                  - 2357.516357421875
                  - 2562.98974609375
               -
                  - 2370.055908203125
                  - 2563.503173828125
               -
                  - 2382.59521484375
                  - 2564.016845703125
               -
                  - 2395.093505859375
                  - 2565.529541015625
               -
                  - 2407.6328125
                  - 2566.043212890625
               -
                  - 2420.172119140625
                  - 2566.556640625
               -
                  - 2432.67041015625
                  - 2568.069580078125
               -
                  - 2445.2099609375
                  - 2568.583251953125
               -
                  - 2457.749267578125
                  - 2569.0966796875
               -
                  - 2470.28857421875
                  - 2569.6103515625
               -
                  - 2482.827880859375
                  - 2570.1240234375
               -
                  - 2495.326416015625
                  - 2571.636962890625
               -
                  - 2507.90673828125
                  - 2571.151123046875
               -
                  - 2520.4052734375
                  - 2572.6640625
            prev_branch_points:
               []
            next_branch_points:
               []
            local_scale: 663.41400146484375
            verification_roi_radius: 33
            candidate_radius: 0
            branch_search_radius: 0
            direction_consistency_score: 1.
            local_layout_score: 1.
            verification_quality: 1.
            coarse_to_verified_displacement: 0.
            coarse_to_subpix_displacement: 1.8932950496673584
            coarse_to_refined_displacement: 1.8932950496673584
            corner_marker_width: 165.85350036621094
            image_line_corner:
               - 0.
               - 0.
            prev_image_line_residual: 0.
            next_image_line_residual: 0.
            prev_image_line_support_count: 0
            next_image_line_support_count: 0
            image_line_valid: 0
            line_refinement_success: 1
            line_refinement_quality: 0.86441057117261111
            line_jump: 0.77534317970275879
            line_jump_limit: 0.
            line_inside: 1
            line_seed_gap: 0.77534317970275879
            line_seed_accepted: 1
            spherical_corner:
               - 2302.686767578125
               - 2558.84228515625
            prev_spherical_curve_points:
               []
            next_spherical_curve_points:
               []
            prev_spherical_residual: 0.
            next_spherical_residual: 0.
            prev_spherical_support_count: 0
            next_spherical_support_count: 0
            spherical_refinement_valid: 0
            spherical_refinement_applied: 0
            spherical_failure_reason: ""
            subpix_window_radius: 25
            refine_displacement_limit: 0.
            refined_valid: 1
            verification_passed: 1
            subpix_applied: 1
            failure_reason: cs_only
         -
            corner_index: 1
            coarse_corner:
               - 2974.437744140625
               - 2586.356689453125
            verified_corner:
               - 2974.437744140625
               - 2586.356689453125
            subpix_corner:
               - 2967.67236328125
               - 2585.3759765625
