%YAML:1.0
---
format_version: outer_detection_cache_v2
absolute_image_path: "/Users/linzhaoxian/lzx-ws/project/calibr/tartancalib/image/dataset_4-22/right_record_20260421_140151/right_vimbax_camera_right_image_raw_000059_829881533200.png"
image_file_size: 6524795
image_mtime: 1776751342
detector_config_hash: a5f7c893e3a5f9e3
image_size:
   - 4512
   - 4512
requested_board_ids:
   - 1
   - 2
   - 3
   - 4
   - 5
detections:
   -
      success: 1
      board_id: 1
      detected_tag_id: 1
      original_longest_side: 4512
      chosen_scale_longest_side: 2256
      chosen_scale_factor: 0.5
      scale_configuration_mode: fixed_schedule
      used_corner_fusion: 1
      hamming: 0
      good: 1
      attempted_local_patch_rescue: 0
      used_local_patch_rescue: 0
      local_patch_rescue_summary: ""
      quality: 0.9497552852084824
      failure_reason: 0
      failure_reason_text: None
      coarse_corners_scaled_image:
         -
            - 904.64434814453125
            - 1331.2313232421875
         -
            - 1291.18408203125
            - 1345.1331787109375
         -
            - 1293.188232421875
            - 949.5311279296875
         -
            - 912.4765625
            - 955.5830078125
      coarse_corners_original_image:
         -
            - 1809.2886962890625
            - 2662.462646484375
         -
            - 2582.3681640625
            - 2690.266357421875
         -
            - 2586.37646484375
            - 1899.062255859375
         -
            - 1824.953125
            - 1911.166015625
      refined_corners_original_image:
         -
            - 1818.1513671875
            - 2657.469482421875
         -
            - 2577.57080078125
            - 2685.251708984375
         -
            - 2581.837646484375
            - 1907.4766845703125
         -
            - 1833.892578125
            - 1919.250244140625
      refined_valid:
         - 1
         - 1
         - 1
         - 1
      successful_scale_longest_sides:
         - 2256
         - 1805
         - 1289
         - 1003
         - 752
         - 564
         - 376
      corner_verification_debug:
         -
            corner_index: 0
            coarse_corner:
               - 1809.2886962890625
               - 2662.462646484375
            verified_corner:
               - 1809.2886962890625
               - 2662.462646484375
            subpix_corner:
               - 1818.1513671875
               - 2657.469482421875
            verification_roi:
               - 1771
               - 2624
               - 78
               - 78
            prev_edge_direction:
               - 0.020845329388976097
               - -0.9997827410697937
            next_edge_direction:
               - 0.99935388565063477
               - 0.03594164177775383
            prev_marker_support_points:
               -
                  - 1818.591796875
                  - 2628.83349609375
               -
                  - 1818.8841552734375
                  - 2614.809326171875
               -
                  - 1818.1767578125
                  - 2600.764404296875
               -
                  - 1817.4693603515625
                  - 2586.719482421875
               -
                  - 1817.76171875
                  - 2572.695068359375
               -
                  - 1817.0543212890625
                  - 2558.64990234375
               -
                  - 1817.3468017578125
                  - 2544.625732421875
               -
                  - 1816.639404296875
                  - 2530.580810546875
               -
                  - 1816.9317626953125
                  - 2516.556640625
               -
                  - 1816.2244873046875
                  - 2502.511474609375
               -
                  - 1816.516845703125
                  - 2488.4873046875
               -
                  - 1816.809326171875
                  - 2474.462890625
               -
                  - 1816.1019287109375
                  - 2460.41796875
               -
                  - 1816.394287109375
                  - 2446.393798828125
               -
                  - 1816.686767578125
                  - 2432.36962890625
               -
                  - 1815.979248046875
                  - 2418.32470703125
            next_marker_support_points:
               -
                  - 1843.2119140625
                  - 2660.080322265625
               -
                  - 1857.6427001953125
                  - 2660.599365234375
               -
                  - 1872.0377197265625
                  - 2662.11767578125
               -
                  - 1886.4324951171875
                  - 2663.63623046875
               -
                  - 1900.86328125
                  - 2664.1552734375
               -
                  - 1915.2581787109375
                  - 2665.67333984375
               -
                  - 1929.6890869140625
                  - 2666.1923828125
               -
                  - 1944.0838623046875
                  - 2667.710693359375
               -
                  - 1958.5146484375
                  - 2668.229736328125
               -
                  - 1972.9095458984375
                  - 2669.748291015625
               -
                  - 1987.3404541015625
                  - 2670.267333984375
               -
                  - 2001.7352294921875
                  - 2671.785400390625
               -
                  - 2016.166015625
                  - 2672.304443359375
               -
                  - 2030.5968017578125
                  - 2672.823486328125
               -
                  - 2044.9918212890625
                  - 2674.341796875
               -
                  - 2059.42236328125
                  - 2674.86083984375
            prev_branch_points:
               []
            next_branch_points:
               []
            local_scale: 751.45989990234375
            verification_roi_radius: 38
            candidate_radius: 0
            branch_search_radius: 0
            direction_consistency_score: 1.
            local_layout_score: 1.
            verification_quality: 1.
            coarse_to_verified_displacement: 0.
            coarse_to_subpix_displacement: 10.172444343566895
            coarse_to_refined_displacement: 10.172444343566895
            corner_marker_width: 187.86497497558594
            image_line_corner:
               - 0.
               - 0.
            prev_image_line_residual: 0.
            next_image_line_residual: 0.
            prev_image_line_support_count: 0
            next_image_line_support_count: 0
            image_line_valid: 0
            line_refinement_success: 1
            line_refinement_quality: 0.88760725366383431
            line_jump: 10.28411865234375
            line_jump_limit: 0.
            line_inside: 1
            line_seed_gap: 10.28411865234375
            line_seed_accepted: 1
            spherical_corner:
               - 1809.2886962890625
               - 2662.462646484375
            prev_spherical_curve_points:
               []
            next_spherical_curve_points:
               []
            prev_spherical_residual: 0.
            next_spherical_residual: 0.
            prev_spherical_support_count: 0
            next_spherical_support_count: 0
            spherical_refinement_valid: 0
            spherical_refinement_applied: 0
            spherical_failure_reason: ""
            subpix_window_radius: 28
            refine_displacement_limit: 0.
            refined_valid: 1
            verification_passed: 1
            subpix_applied: 1
            failure_reason: cs_only
         -
            corner_index: 1
            coarse_corner:
               - 2582.3681640625
               - 2690.266357421875
            verified_corner:
               - 2582.3681640625
               - 2690.266357421875
            subpix_corner:
               - 2577.57080078125
