%YAML:1.0
---
format_version: outer_detection_cache_v2
absolute_image_path: "/Users/linzhaoxian/lzx-ws/project/calibr/tartancalib/image/dataset_4-22/right_record_20260421_140151/right_vimbax_camera_right_image_raw_000109_853928822100.png"
image_file_size: 6492314
image_mtime: 1776751367
detector_config_hash: a5f7c893e3a5f9e3
image_size:
   - 4512
   - 4512
requested_board_ids:
   - 1
   - 2
   - 3
   - 4
   - 5
detections:
   -
      success: 1
      board_id: 1
      detected_tag_id: 1
      original_longest_side: 4512
      chosen_scale_longest_side: 1805
      chosen_scale_factor: 0.40004432624113473
      scale_configuration_mode: fixed_schedule
      used_corner_fusion: 1
      hamming: 0
      good: 1
      attempted_local_patch_rescue: 0
      used_local_patch_rescue: 0
      local_patch_rescue_summary: ""
      quality: 0.95944269321220654
      failure_reason: 0
      failure_reason_text: None
      coarse_corners_scaled_image:
         -
            - 916.14117431640625
            - 1010.8689575195312
         -
            - 1190.698974609375
            - 1023.93603515625
         -
            - 1195.1005859375
            - 741.54736328125
         -
            - 924.1383056640625
            - 739.687255859375
      coarse_corners_original_image:
         -
            - 2290.09912109375
            - 2526.892333984375
         -
            - 2976.417724609375
            - 2559.556396484375
         -
            - 2987.42041015625
            - 1853.6629638671875
         -
            - 2310.08984375
            - 1849.0133056640625
      refined_corners_original_image:
         -
            - 2289.726318359375
            - 2526.514892578125
         -
            - 2967.02685546875
            - 2560.313720703125
         -
            - 2978.931396484375
            - 1863.9112548828125
         -
            - 2309.561279296875
            - 1857.0968017578125
      refined_valid:
         - 1
         - 1
         - 1
         - 1
      successful_scale_longest_sides:
         - 1805
         - 1289
         - 1003
         - 752
         - 564
         - 376
      corner_verification_debug:
         -
            corner_index: 0
            coarse_corner:
               - 2290.09912109375
               - 2526.892333984375
            verified_corner:
               - 2290.09912109375
               - 2526.892333984375
            subpix_corner:
               - 2289.726318359375
               - 2526.514892578125
            verification_roi:
               - 2256
               - 2492
               - 70
               - 70
            prev_edge_direction:
               - 0.029477288946509361
               - -0.9995654821395874
            next_edge_direction:
               - 0.99886935949325562
               - 0.04753933846950531
            prev_marker_support_points:
               -
                  - 2289.79931640625
                  - 2496.352294921875
               -
                  - 2290.17236328125
                  - 2483.69873046875
               -
                  - 2289.546142578125
                  - 2471.015380859375
               -
                  - 2290.918701171875
                  - 2458.39111328125
               -
                  - 2291.2919921875
                  - 2445.7373046875
               -
                  - 2291.6650390625
                  - 2433.083740234375
               -
                  - 2292.0380859375
                  - 2420.429931640625
               -
                  - 2292.411376953125
                  - 2407.776123046875
               -
                  - 2292.784423828125
                  - 2395.122314453125
               -
                  - 2293.15771484375
                  - 2382.46875
               -
                  - 2293.53076171875
                  - 2369.81494140625
               -
                  - 2293.904052734375
                  - 2357.1611328125
               -
                  - 2295.276611328125
                  - 2344.537109375
               -
                  - 2294.650390625
                  - 2331.853759765625
               -
                  - 2295.0234375
                  - 2319.199951171875
               -
                  - 2296.396240234375
                  - 2306.57568359375
            next_marker_support_points:
               -
                  - 2320.525390625
                  - 2529.541748046875
               -
                  - 2333.336669921875
                  - 2530.151611328125
               -
                  - 2346.1005859375
                  - 2531.760009765625
               -
                  - 2358.911865234375
                  - 2532.369873046875
               -
                  - 2371.72314453125
                  - 2532.9794921875
               -
                  - 2384.48681640625
                  - 2534.588134765625
               -
                  - 2397.298095703125
                  - 2535.19775390625
               -
                  - 2410.109375
                  - 2535.8076171875
               -
                  - 2422.920654296875
                  - 2536.417236328125
               -
                  - 2435.684326171875
                  - 2538.026123046875
               -
                  - 2448.49560546875
                  - 2538.6357421875
               -
                  - 2461.306884765625
                  - 2539.245361328125
               -
                  - 2474.1181640625
                  - 2539.855224609375
               -
                  - 2486.8818359375
                  - 2541.463623046875
               -
                  - 2499.693115234375
                  - 2542.073486328125
               -
                  - 2512.50439453125
                  - 2542.68310546875
            prev_branch_points:
               []
            next_branch_points:
               []
            local_scale: 678.1737060546875
            verification_roi_radius: 34
            candidate_radius: 0
            branch_search_radius: 0
            direction_consistency_score: 1.
            local_layout_score: 1.
            verification_quality: 1.
            coarse_to_verified_displacement: 0.
            coarse_to_subpix_displacement: 0.53051286935806274
            coarse_to_refined_displacement: 0.53051286935806274
            corner_marker_width: 169.54342651367188
            image_line_corner:
               - 0.
               - 0.
            prev_image_line_residual: 0.
            next_image_line_residual: 0.
            prev_image_line_support_count: 0
            next_image_line_support_count: 0
            image_line_valid: 0
            line_refinement_success: 1
            line_refinement_quality: 0.86164971388880196
            line_jump: 1.876215934753418
            line_jump_limit: 0.
            line_inside: 1
            line_seed_gap: 1.876215934753418
            line_seed_accepted: 1
            spherical_corner:
               - 2290.09912109375
               - 2526.892333984375
            prev_spherical_curve_points:
               []
            next_spherical_curve_points:
               []
            prev_spherical_residual: 0.
            next_spherical_residual: 0.
            prev_spherical_support_count: 0
            next_spherical_support_count: 0
            spherical_refinement_valid: 0
            spherical_refinement_applied: 0
            spherical_failure_reason: ""
            subpix_window_radius: 25
            refine_displacement_limit: 0.
            refined_valid: 1
            verification_passed: 1
            subpix_applied: 1
            failure_reason: cs_only
         -
            corner_index: 1
            coarse_corner:
               - 2976.417724609375
               - 2559.556396484375
            verified_corner:
               - 2976.417724609375
               - 2559.556396484375
            subpix_corner:
               - 2967.02685546875
