%YAML:1.0
---
format_version: outer_detection_cache_v2
absolute_image_path: "/Users/linzhaoxian/lzx-ws/project/calibr/tartancalib/image/dataset_4-22/right_record_20260421_140151/right_vimbax_camera_right_image_raw_000078_839019503000.png"
image_file_size: 6463854
image_mtime: 1776751351
detector_config_hash: a5f7c893e3a5f9e3
image_size:
   - 4512
   - 4512
requested_board_ids:
   - 1
   - 2
   - 3
   - 4
   - 5
detections:
   -
      success: 1
      board_id: 1
      detected_tag_id: 1
      original_longest_side: 4512
      chosen_scale_longest_side: 2256
      chosen_scale_factor: 0.5
      scale_configuration_mode: fixed_schedule
      used_corner_fusion: 1
      hamming: 0
      good: 1
      attempted_local_patch_rescue: 0
      used_local_patch_rescue: 0
      local_patch_rescue_summary: ""
      quality: 0.9446762512411998
      failure_reason: 0
      failure_reason_text: None
      coarse_corners_scaled_image:
         -
            - 859.37298583984375
            - 1312.794921875
         -
            - 1270.1697998046875
            - 1338.5162353515625
         -
            - 1282.473876953125
            - 918.37884521484375
         -
            - 880.24041748046875
            - 916.2796630859375
      coarse_corners_original_image:
         -
            - 1718.7459716796875
            - 2625.58984375
         -
            - 2540.339599609375
            - 2677.032470703125
         -
            - 2564.94775390625
            - 1836.7576904296875
         -
            - 1760.4808349609375
            - 1832.559326171875
      refined_corners_original_image:
         -
            - 1730.4757080078125
            - 2620.2705078125
         -
            - 2535.355224609375
            - 2671.36083984375
         -
            - 2560.223388671875
            - 1847.6759033203125
         -
            - 1770.77001953125
            - 1840.9915771484375
      refined_valid:
         - 1
         - 1
         - 1
         - 1
      successful_scale_longest_sides:
         - 2256
         - 1289
         - 1003
         - 752
         - 564
         - 376
      corner_verification_debug:
         -
            corner_index: 0
            coarse_corner:
               - 1718.7459716796875
               - 2625.58984375
            verified_corner:
               - 1718.7459716796875
               - 2625.58984375
            subpix_corner:
               - 1730.4757080078125
               - 2620.2705078125
            verification_roi:
               - 1678
               - 2585
               - 82
               - 82
            prev_edge_direction:
               - 0.052554331719875336
               - -0.99861806631088257
            next_edge_direction:
               - 0.99804550409317017
               - 0.062490846961736679
            prev_marker_support_points:
               -
                  - 1729.611572265625
                  - 2590.37646484375
               -
                  - 1728.3934326171875
                  - 2575.46826171875
               -
                  - 1729.1724853515625
                  - 2560.664794921875
               -
                  - 1728.952880859375
                  - 2545.80908203125
               -
                  - 1728.7332763671875
                  - 2530.953125
               -
                  - 1728.5137939453125
                  - 2516.097412109375
               -
                  - 1729.2928466796875
                  - 2501.294189453125
               -
                  - 1729.0732421875
                  - 2486.4384765625
               -
                  - 1729.852294921875
                  - 2471.63525390625
               -
                  - 1729.6326904296875
                  - 2456.779541015625
               -
                  - 1729.4132080078125
                  - 2441.923583984375
               -
                  - 1729.193603515625
                  - 2427.06787109375
               -
                  - 1730.9713134765625
                  - 2412.317138671875
               -
                  - 1730.751708984375
                  - 2397.46142578125
               -
                  - 1730.5321044921875
                  - 2382.605712890625
               -
                  - 1731.3111572265625
                  - 2367.802490234375
            next_marker_support_points:
               -
                  - 1754.724365234375
                  - 2622.832763671875
               -
                  - 1770.060791015625
                  - 2623.79296875
               -
                  - 1785.334716796875
                  - 2625.751220703125
               -
                  - 1800.608642578125
                  - 2627.709716796875
               -
                  - 1815.882568359375
                  - 2629.66796875
               -
                  - 1831.218994140625
                  - 2630.628173828125
               -
                  - 1846.492919921875
                  - 2632.58642578125
               -
                  - 1861.829345703125
                  - 2633.546875
               -
                  - 1877.1031494140625
                  - 2635.505126953125
               -
                  - 1892.4395751953125
                  - 2636.46533203125
               -
                  - 1907.7135009765625
                  - 2638.423583984375
               -
                  - 1923.0499267578125
                  - 2639.384033203125
               -
                  - 1938.3238525390625
                  - 2641.34228515625
               -
                  - 1953.6602783203125
                  - 2642.302490234375
               -
                  - 1968.9967041015625
                  - 2643.2626953125
               -
                  - 1984.2706298828125
                  - 2645.22119140625
            prev_branch_points:
               []
            next_branch_points:
               []
            local_scale: 794.1279296875
            verification_roi_radius: 40
            candidate_radius: 0
            branch_search_radius: 0
            direction_consistency_score: 1.
            local_layout_score: 1.
            verification_quality: 1.
            coarse_to_verified_displacement: 0.
            coarse_to_subpix_displacement: 12.879520416259766
            coarse_to_refined_displacement: 12.879520416259766
            corner_marker_width: 198.531982421875
            image_line_corner:
               - 0.
               - 0.
            prev_image_line_residual: 0.
            next_image_line_residual: 0.
            prev_image_line_support_count: 0
            next_image_line_support_count: 0
            image_line_valid: 0
            line_refinement_success: 1
            line_refinement_quality: 0.84264510025764705
            line_jump: 11.457240104675293
            line_jump_limit: 0.
            line_inside: 1
            line_seed_gap: 11.457240104675293
            line_seed_accepted: 1
            spherical_corner:
               - 1718.7459716796875
               - 2625.58984375
            prev_spherical_curve_points:
               []
            next_spherical_curve_points:
               []
            prev_spherical_residual: 0.
            next_spherical_residual: 0.
            prev_spherical_support_count: 0
            next_spherical_support_count: 0
            spherical_refinement_valid: 0
            spherical_refinement_applied: 0
            spherical_failure_reason: ""
            subpix_window_radius: 30
            refine_displacement_limit: 0.
            refined_valid: 1
            verification_passed: 1
            subpix_applied: 1
            failure_reason: cs_only
         -
            corner_index: 1
            coarse_corner:
               - 2540.339599609375
               - 2677.032470703125
            verified_corner:
               - 2540.339599609375
               - 2677.032470703125
            subpix_corner:
               - 2535.355224609375
