%YAML:1.0
---
format_version: outer_detection_cache_v2
absolute_image_path: "/Users/linzhaoxian/lzx-ws/project/calibr/tartancalib/image/dataset_4-22/right_record_20260421_140151/right_vimbax_camera_right_image_raw_000058_829400587500.png"
image_file_size: 6482531
image_mtime: 1776751341
detector_config_hash: a5f7c893e3a5f9e3
image_size:
   - 4512
   - 4512
requested_board_ids:
   - 1
   - 2
   - 3
   - 4
   - 5
detections:
   -
      success: 1
      board_id: 1
      detected_tag_id: 1
      original_longest_side: 4512
      chosen_scale_longest_side: 1805
      chosen_scale_factor: 0.40004432624113473
      scale_configuration_mode: fixed_schedule
      used_corner_fusion: 1
      hamming: 0
      good: 1
      attempted_local_patch_rescue: 0
      used_local_patch_rescue: 0
      local_patch_rescue_summary: ""
      quality: 0.94954312867456392
      failure_reason: 0
      failure_reason_text: None
      coarse_corners_scaled_image:
         -
            - 728.74798583984375
            - 1061.048828125
         -
            - 1033.654541015625
            - 1072.479248046875
         -
            - 1035.962646484375
            - 759.3807373046875
         -
            - 735.1279296875
            - 763.80865478515625
      coarse_corners_original_image:
         -
            - 1821.6680908203125
            - 2652.328125
         -
            - 2583.85009765625
            - 2680.901123046875
         -
            - 2589.61962890625
            - 1898.241455078125
         -
            - 1837.6162109375
            - 1909.31005859375
      refined_corners_original_image:
         -
            - 1830.493408203125
            - 2647.9013671875
         -
            - 2578.827392578125
            - 2676.990966796875
         -
            - 2584.9951171875
            - 1905.650390625
         -
            - 1844.716064453125
            - 1915.1572265625
      refined_valid:
         - 1
         - 1
         - 1
         - 1
      successful_scale_longest_sides:
         - 1805
         - 1289
         - 1003
         - 752
         - 564
         - 376
      corner_verification_debug:
         -
            corner_index: 0
            coarse_corner:
               - 1821.6680908203125
               - 2652.328125
            verified_corner:
               - 1821.6680908203125
               - 2652.328125
            subpix_corner:
               - 1830.493408203125
               - 2647.9013671875
            verification_roi:
               - 1784
               - 2615
               - 76
               - 76
            prev_edge_direction:
               - 0.021459029987454414
               - -0.99976974725723267
            next_edge_direction:
               - 0.99929803609848022
               - 0.037462104111909866
            prev_marker_support_points:
               -
                  - 1831.28369140625
                  - 2619.083251953125
               -
                  - 1830.5816650390625
                  - 2605.192138671875
               -
                  - 1830.87939453125
                  - 2591.322509765625
               -
                  - 1830.17724609375
                  - 2577.43115234375
               -
                  - 1830.4749755859375
                  - 2563.5615234375
               -
                  - 1829.77294921875
                  - 2549.670654296875
               -
                  - 1830.0706787109375
                  - 2535.801025390625
               -
                  - 1829.3685302734375
                  - 2521.909912109375
               -
                  - 1829.666259765625
                  - 2508.040283203125
               -
                  - 1828.964111328125
                  - 2494.14892578125
               -
                  - 1829.2618408203125
                  - 2480.279296875
               -
                  - 1829.5594482421875
                  - 2466.40966796875
               -
                  - 1828.857421875
                  - 2452.5185546875
               -
                  - 1829.1551513671875
                  - 2438.64892578125
               -
                  - 1829.452880859375
                  - 2424.779052734375
               -
                  - 1828.750732421875
                  - 2410.887939453125
            next_marker_support_points:
               -
                  - 1855.121826171875
                  - 2652.681640625
               -
                  - 1869.3492431640625
                  - 2653.21484375
               -
                  - 1883.5391845703125
                  - 2654.74755859375
               -
                  - 1897.72900390625
                  - 2656.2802734375
               -
                  - 1911.9564208984375
                  - 2656.8134765625
               -
                  - 1926.146484375
                  - 2658.346435546875
               -
                  - 1940.3739013671875
                  - 2658.8798828125
               -
                  - 1954.5638427734375
                  - 2660.412353515625
               -
                  - 1968.791259765625
                  - 2660.94580078125
               -
                  - 1982.981201171875
                  - 2662.478515625
               -
                  - 1997.20849609375
                  - 2663.01171875
               -
                  - 2011.3984375
                  - 2664.54443359375
               -
                  - 2025.6258544921875
                  - 2665.077880859375
               -
                  - 2039.853271484375
                  - 2665.611083984375
               -
                  - 2054.043212890625
                  - 2667.143798828125
               -
                  - 2068.2705078125
                  - 2667.67724609375
            prev_branch_points:
               []
            next_branch_points:
               []
            local_scale: 743.189208984375
            verification_roi_radius: 37
            candidate_radius: 0
            branch_search_radius: 0
            direction_consistency_score: 1.
            local_layout_score: 1.
            verification_quality: 1.
            coarse_to_verified_displacement: 0.
            coarse_to_subpix_displacement: 9.8733177185058594
            coarse_to_refined_displacement: 9.8733177185058594
            corner_marker_width: 185.79730224609375
            image_line_corner:
               - 0.
               - 0.
            prev_image_line_residual: 0.
            next_image_line_residual: 0.
            prev_image_line_support_count: 0
            next_image_line_support_count: 0
            image_line_valid: 0
            line_refinement_success: 1
            line_refinement_quality: 0.85670584825894236
            line_jump: 9.9415264129638672
            line_jump_limit: 0.
            line_inside: 1
            line_seed_gap: 9.9415264129638672
            line_seed_accepted: 1
            spherical_corner:
               - 1821.6680908203125
               - 2652.328125
            prev_spherical_curve_points:
               []
            next_spherical_curve_points:
               []
            prev_spherical_residual: 0.
            next_spherical_residual: 0.
            prev_spherical_support_count: 0
            next_spherical_support_count: 0
            spherical_refinement_valid: 0
            spherical_refinement_applied: 0
            spherical_failure_reason: ""
            subpix_window_radius: 28
            refine_displacement_limit: 0.
            refined_valid: 1
            verification_passed: 1
            subpix_applied: 1
            failure_reason: cs_only
         -
            corner_index: 1
            coarse_corner:
               - 2583.85009765625
               - 2680.901123046875
            verified_corner:
               - 2583.85009765625
               - 2680.901123046875
            subpix_corner:
               - 2578.827392578125
               - 2676.990966796875
