%YAML:1.0
---
format_version: outer_detection_cache_v2
absolute_image_path: "/Users/linzhaoxian/lzx-ws/project/calibr/tartancalib/image/dataset_4-22/right_record_20260421_140151/right_vimbax_camera_right_image_raw_000071_835652882500.png"
image_file_size: 6537732
image_mtime: 1776751348
detector_config_hash: a5f7c893e3a5f9e3
image_size:
   - 4512
   - 4512
requested_board_ids:
   - 1
   - 2
   - 3
   - 4
   - 5
detections:
   -
      success: 1
      board_id: 1
      detected_tag_id: 1
      original_longest_side: 4512
      chosen_scale_longest_side: 2256
      chosen_scale_factor: 0.5
      scale_configuration_mode: fixed_schedule
      used_corner_fusion: 1
      hamming: 0
      good: 1
      attempted_local_patch_rescue: 0
      used_local_patch_rescue: 0
      local_patch_rescue_summary: ""
      quality: 0.94768199884743864
      failure_reason: 0
      failure_reason_text: None
      coarse_corners_scaled_image:
         -
            - 865.73919677734375
            - 1292.060791015625
         -
            - 1296.396240234375
            - 1318.0325927734375
         -
            - 1307.292724609375
            - 881.91632080078125
         -
            - 890.738525390625
            - 879.3887939453125
      coarse_corners_original_image:
         -
            - 1731.4783935546875
            - 2584.12158203125
         -
            - 2592.79248046875
            - 2636.065185546875
         -
            - 2614.58544921875
            - 1763.8326416015625
         -
            - 1781.47705078125
            - 1758.777587890625
      refined_corners_original_image:
         -
            - 1745.5003662109375
            - 2579.534912109375
         -
            - 2586.493896484375
            - 2630.572509765625
         -
            - 2607.825927734375
            - 1774.4539794921875
         -
            - 1790.9375
            - 1771.6351318359375
      refined_valid:
         - 1
         - 1
         - 1
         - 1
      successful_scale_longest_sides:
         - 2256
         - 1805
         - 1289
         - 1003
         - 752
         - 564
         - 376
      corner_verification_debug:
         -
            corner_index: 0
            coarse_corner:
               - 1731.4783935546875
               - 2584.12158203125
            verified_corner:
               - 1731.4783935546875
               - 2584.12158203125
            subpix_corner:
               - 1745.5003662109375
               - 2579.534912109375
            verification_roi:
               - 1690
               - 2543
               - 84
               - 84
            prev_edge_direction:
               - 0.060468319803476334
               - -0.99817007780075073
            next_edge_direction:
               - 0.99818646907806396
               - 0.060198016464710236
            prev_marker_support_points:
               -
                  - 1745.406982421875
                  - 2547.688720703125
               -
                  - 1745.342041015625
                  - 2532.2216796875
               -
                  - 1745.2772216796875
                  - 2516.754638671875
               -
                  - 1745.2122802734375
                  - 2501.287841796875
               -
                  - 1745.1474609375
                  - 2485.821044921875
               -
                  - 1745.0826416015625
                  - 2470.35400390625
               -
                  - 1745.0177001953125
                  - 2454.88720703125
               -
                  - 1745.9510498046875
                  - 2439.48095703125
               -
                  - 1745.88623046875
                  - 2424.013916015625
               -
                  - 1745.8212890625
                  - 2408.546875
               -
                  - 1746.754638671875
                  - 2393.140625
               -
                  - 1746.6898193359375
                  - 2377.673828125
               -
                  - 1746.6248779296875
                  - 2362.206787109375
               -
                  - 1747.5582275390625
                  - 2346.800537109375
               -
                  - 1747.493408203125
                  - 2331.33349609375
               -
                  - 1748.4266357421875
                  - 2315.927001953125
            next_marker_support_points:
               -
                  - 1768.84228515625
                  - 2582.668212890625
               -
                  - 1784.920166015625
                  - 2583.6376953125
               -
                  - 1800.9376220703125
                  - 2585.605712890625
               -
                  - 1816.955322265625
                  - 2587.5732421875
               -
                  - 1833.033203125
                  - 2588.54296875
               -
                  - 1849.0509033203125
                  - 2590.5107421875
               -
                  - 1865.1287841796875
                  - 2591.48046875
               -
                  - 1881.146484375
                  - 2593.4482421875
               -
                  - 1897.1641845703125
                  - 2595.416015625
               -
                  - 1913.2420654296875
                  - 2596.385498046875
               -
                  - 1929.31982421875
                  - 2597.355224609375
               -
                  - 1945.3375244140625
                  - 2599.322998046875
               -
                  - 1961.4154052734375
                  - 2600.292724609375
               -
                  - 1977.43310546875
                  - 2602.260498046875
               -
                  - 1993.510986328125
                  - 2603.22998046875
               -
                  - 2009.5887451171875
                  - 2604.19970703125
            prev_branch_points:
               []
            next_branch_points:
               []
            local_scale: 826.8570556640625
            verification_roi_radius: 41
            candidate_radius: 0
            branch_search_radius: 0
            direction_consistency_score: 1.
            local_layout_score: 1.
            verification_quality: 1.
            coarse_to_verified_displacement: 0.
            coarse_to_subpix_displacement: 14.753076553344727
            coarse_to_refined_displacement: 14.753076553344727
            corner_marker_width: 206.71426391601562
            image_line_corner:
               - 0.
               - 0.
            prev_image_line_residual: 0.
            next_image_line_residual: 0.
            prev_image_line_support_count: 0
            next_image_line_support_count: 0
            image_line_valid: 0
            line_refinement_success: 1
            line_refinement_quality: 0.86774351218018808
            line_jump: 13.879909515380859
            line_jump_limit: 0.
            line_inside: 1
            line_seed_gap: 13.879909515380859
            line_seed_accepted: 1
            spherical_corner:
               - 1731.4783935546875
               - 2584.12158203125
            prev_spherical_curve_points:
               []
            next_spherical_curve_points:
               []
            prev_spherical_residual: 0.
            next_spherical_residual: 0.
            prev_spherical_support_count: 0
            next_spherical_support_count: 0
            spherical_refinement_valid: 0
            spherical_refinement_applied: 0
            spherical_failure_reason: ""
            subpix_window_radius: 31
            refine_displacement_limit: 0.
            refined_valid: 1
            verification_passed: 1
            subpix_applied: 1
            failure_reason: cs_only
         -
            corner_index: 1
            coarse_corner:
               - 2592.79248046875
               - 2636.065185546875
            verified_corner:
               - 2592.79248046875
               - 2636.065185546875
            subpix_corner:
               - 2586.493896484375
