%YAML:1.0
---
format_version: outer_detection_cache_v1
absolute_image_path: "/Users/linzhaoxian/lzx-ws/project/calibr/tartancalib/image/dataset_4-22/right_record_20260421_141444_first20/right_vimbax_camera_right_image_raw_000001_1574385597500.png"
image_file_size: 6576962
image_mtime: 1776752085
detector_config_hash: d0b7f3cbd8257968
image_size:
   - 4512
   - 4512
requested_board_ids:
   - 1
   - 2
   - 3
   - 4
   - 5
detections:
   -
      success: 1
      board_id: 1
      detected_tag_id: 1
      quality: 0.98282681104311653
      failure_reason: 0
      failure_reason_text: None
      coarse_corners_original_image:
         -
            - 1887.9105224609375
            - 2511.590087890625
         -
            - 2525.52197265625
            - 2533.29443359375
         -
            - 2540.06005859375
            - 1899.4464111328125
         -
            - 1913.23486328125
            - 1883.6458740234375
      refined_corners_original_image:
         -
            - 1893.303466796875
            - 2509.993408203125
         -
            - 2523.243896484375
            - 2531.497802734375
         -
            - 2537.701416015625
            - 1904.835205078125
         -
            - 1918.10791015625
            - 1889.1485595703125
      refined_valid:
         - 1
         - 1
         - 1
         - 1
   -
      success: 0
      board_id: 2
      detected_tag_id: -1
      quality: 0.
      failure_reason: 2
      failure_reason_text: DetectionsExistButNoMatchingTagId
      coarse_corners_original_image:
         -
            - 0.
            - 0.
         -
            - 0.
            - 0.
         -
            - 0.
            - 0.
         -
            - 0.
            - 0.
      refined_corners_original_image:
         -
            - 0.
            - 0.
         -
            - 0.
            - 0.
         -
            - 0.
            - 0.
         -
            - 0.
            - 0.
      refined_valid:
         - 0
         - 0
         - 0
         - 0
   -
      success: 1
      board_id: 3
      detected_tag_id: 3
      quality: 0.85026589744676762
      failure_reason: 0
      failure_reason_text: None
      coarse_corners_original_image:
         -
            - 2453.41552734375
            - 3100.5947265625
         -
            - 1925.3121337890625
            - 3083.629638671875
         -
            - 1919.6590576171875
            - 3532.85400390625
         -
            - 2439.9072265625
            - 3552.7890625
      refined_corners_original_image:
         -
            - 2452.869384765625
            - 3095.9345703125
         -
            - 1928.17578125
            - 3078.876220703125
         -
            - 1923.674072265625
            - 3525.936279296875
         -
            - 2439.33251953125
            - 3546.31689453125
      refined_valid:
         - 1
         - 1
         - 1
         - 1
   -
      success: 1
      board_id: 4
      detected_tag_id: 4
      quality: 0.76106026264704452
      failure_reason: 0
      failure_reason_text: None
      coarse_corners_original_image:
         -
            - 636.31597900390625
            - 1776.2047119140625
         -
            - 574.934326171875
            - 2495.879638671875
         -
            - 1131.746826171875
            - 2494.03857421875
         -
            - 1180.25830078125
            - 1855.5888671875
      refined_corners_original_image:
         -
            - 657.4844970703125
            - 1786.503173828125
         -
            - 599.9193115234375
            - 2496.00732421875
         -
            - 1149.453857421875
            - 2494.559814453125
         -
            - 1192.2738037109375
            - 1862.040771484375
      refined_valid:
         - 1
         - 1
         - 1
         - 1
   -
      success: 1
      board_id: 5
      detected_tag_id: 5
      quality: 0.73915163840675147
      failure_reason: 0
      failure_reason_text: None
      coarse_corners_original_image:
         -
            - 3944.537841796875
            - 2574.99365234375
         -
            - 3872.850341796875
            - 1765.45947265625
         -
            - 3277.257568359375
            - 1843.703125
         -
            - 3301.69677734375
            - 2541.499267578125
      refined_corners_original_image:
         -
            - 3905.449462890625
            - 2571.37060546875
         -
            - 3858.349853515625
            - 1775.7310791015625
         -
            - 3267.255615234375
            - 1851.919677734375
         -
            - 3290.96240234375
            - 2541.8720703125
      refined_valid:
         - 1
         - 1
         - 1
         - 1
