%YAML:1.0
---
format_version: outer_detection_cache_v1
absolute_image_path: "/Users/linzhaoxian/lzx-ws/project/calibr/tartancalib/image/dataset_4-22/right_record_20260421_141444_first20/right_vimbax_camera_right_image_raw_000007_1577271272200.png"
image_file_size: 6453028
image_mtime: 1776752088
detector_config_hash: d0b7f3cbd8257968
image_size:
   - 4512
   - 4512
requested_board_ids:
   - 1
   - 2
   - 3
   - 4
   - 5
detections:
   -
      success: 1
      board_id: 1
      detected_tag_id: 1
      quality: 0.98234497622152916
      failure_reason: 0
      failure_reason_text: None
      coarse_corners_original_image:
         -
            - 1883.6881103515625
            - 2517.91796875
         -
            - 2520.997802734375
            - 2540.373046875
         -
            - 2535.533447265625
            - 1908.146728515625
         -
            - 1909.114013671875
            - 1891.98779296875
      refined_corners_original_image:
         -
            - 1889.6715087890625
            - 2517.939208984375
         -
            - 2519.550048828125
            - 2540.30615234375
         -
            - 2534.460693359375
            - 1913.38232421875
         -
            - 1915.2823486328125
            - 1897.2808837890625
      refined_valid:
         - 1
         - 1
         - 1
         - 1
   -
      success: 0
      board_id: 2
      detected_tag_id: -1
      quality: 0.
      failure_reason: 2
      failure_reason_text: DetectionsExistButNoMatchingTagId
      coarse_corners_original_image:
         -
            - 0.
            - 0.
         -
            - 0.
            - 0.
         -
            - 0.
            - 0.
         -
            - 0.
            - 0.
      refined_corners_original_image:
         -
            - 0.
            - 0.
         -
            - 0.
            - 0.
         -
            - 0.
            - 0.
         -
            - 0.
            - 0.
      refined_valid:
         - 0
         - 0
         - 0
         - 0
   -
      success: 1
      board_id: 3
      detected_tag_id: 3
      quality: 0.84806013624336629
      failure_reason: 0
      failure_reason_text: None
      coarse_corners_original_image:
         -
            - 2447.707275390625
            - 3108.4541015625
         -
            - 1918.546142578125
            - 3091.8623046875
         -
            - 1915.0352783203125
            - 3540.82958984375
         -
            - 2435.748291015625
            - 3560.20751953125
      refined_corners_original_image:
         -
            - 2448.960693359375
            - 3101.1552734375
         -
            - 1924.32763671875
            - 3083.3466796875
         -
            - 1919.2623291015625
            - 3530.2001953125
         -
            - 2436.177001953125
            - 3551.490478515625
      refined_valid:
         - 1
         - 1
         - 1
         - 1
   -
      success: 1
      board_id: 4
      detected_tag_id: 4
      quality: 0.75958108430115601
      failure_reason: 0
      failure_reason_text: None
      coarse_corners_original_image:
         -
            - 636.66241455078125
            - 1783.0068359375
         -
            - 567.937255859375
            - 2500.172119140625
         -
            - 1129.4913330078125
            - 2503.557373046875
         -
            - 1177.804443359375
            - 1864.479248046875
      refined_corners_original_image:
         -
            - 655.95819091796875
            - 1790.7186279296875
         -
            - 596.9053955078125
            - 2500.267578125
         -
            - 1146.423095703125
            - 2501.1357421875
         -
            - 1189.6373291015625
            - 1868.37548828125
      refined_valid:
         - 1
         - 1
         - 1
         - 1
   -
      success: 1
      board_id: 5
      detected_tag_id: 5
      quality: 0.74721583469163166
      failure_reason: 0
      failure_reason_text: None
      coarse_corners_original_image:
         -
            - 3920.80029296875
            - 2581.556640625
         -
            - 3871.411865234375
            - 1773.576904296875
         -
            - 3272.09326171875
            - 1855.2823486328125
         -
            - 3297.5009765625
            - 2552.11572265625
      refined_corners_original_image:
         -
            - 3902.101806640625
            - 2578.479736328125
         -
            - 3855.064453125
            - 1783.131591796875
         -
            - 3264.1708984375
            - 1860.5565185546875
         -
            - 3287.1533203125
            - 2550.636474609375
      refined_valid:
         - 1
         - 1
         - 1
         - 1
