%YAML:1.0
---
format_version: outer_detection_cache_v1
absolute_image_path: "/Users/linzhaoxian/lzx-ws/project/calibr/tartancalib/image/dataset_4-22/right_record_20260421_141444_first20/right_vimbax_camera_right_image_raw_000003_1575347489100.png"
image_file_size: 6573634
image_mtime: 1776752086
detector_config_hash: d0b7f3cbd8257968
image_size:
   - 4512
   - 4512
requested_board_ids:
   - 1
   - 2
   - 3
   - 4
   - 5
detections:
   -
      success: 1
      board_id: 1
      detected_tag_id: 1
      quality: 0.98246797465318059
      failure_reason: 0
      failure_reason_text: None
      coarse_corners_original_image:
         -
            - 1888.2730712890625
            - 2511.857666015625
         -
            - 2525.79833984375
            - 2533.67919921875
         -
            - 2540.329345703125
            - 1899.863037109375
         -
            - 1913.8115234375
            - 1884.1435546875
      refined_corners_original_image:
         -
            - 1893.3370361328125
            - 2510.009033203125
         -
            - 2523.248046875
            - 2531.496337890625
         -
            - 2537.700927734375
            - 1904.795166015625
         -
            - 1918.1368408203125
            - 1889.100830078125
      refined_valid:
         - 1
         - 1
         - 1
         - 1
   -
      success: 1
      board_id: 2
      detected_tag_id: 2
      quality: 0.5
      failure_reason: 0
      failure_reason_text: None
      coarse_corners_original_image:
         -
            - 2039.6290283203125
            - 923.5089111328125
         -
            - 2019.8360595703125
            - 1295.92724609375
         -
            - 2502.483154296875
            - 1318.6553955078125
         -
            - 2500.074951171875
            - 940.0626220703125
      refined_corners_original_image:
         -
            - 2040.490966796875
            - 936.2347412109375
         -
            - 2020.357421875
            - 1311.4173583984375
         -
            - 2501.164306640625
            - 1320.8555908203125
         -
            - 2498.60791015625
            - 944.45758056640625
      refined_valid:
         - 1
         - 1
         - 1
         - 1
   -
      success: 1
      board_id: 3
      detected_tag_id: 3
      quality: 0.85195900163100402
      failure_reason: 0
      failure_reason_text: None
      coarse_corners_original_image:
         -
            - 2452.53369140625
            - 3099.715576171875
         -
            - 1924.202880859375
            - 3083.765869140625
         -
            - 1919.004638671875
            - 3534.057373046875
         -
            - 2439.380126953125
            - 3552.857177734375
      refined_corners_original_image:
         -
            - 2452.8896484375
            - 3095.88818359375
         -
            - 1928.1585693359375
            - 3078.861572265625
         -
            - 1923.6416015625
            - 3525.859130859375
         -
            - 2439.31103515625
            - 3546.2890625
      refined_valid:
         - 1
         - 1
         - 1
         - 1
   -
      success: 1
      board_id: 4
      detected_tag_id: 4
      quality: 0.75909299208892278
      failure_reason: 0
      failure_reason_text: None
      coarse_corners_original_image:
         -
            - 637.6446533203125
            - 1776.6007080078125
         -
            - 570.945068359375
            - 2495.912353515625
         -
            - 1133.119384765625
            - 2494.3544921875
         -
            - 1180.239013671875
            - 1855.9586181640625
      refined_corners_original_image:
         -
            - 657.30242919921875
            - 1786.4849853515625
         -
            - 599.9925537109375
            - 2495.963623046875
         -
            - 1149.4193115234375
            - 2494.55029296875
         -
            - 1192.25537109375
            - 1862.0460205078125
      refined_valid:
         - 1
         - 1
         - 1
         - 1
   -
      success: 1
      board_id: 5
      detected_tag_id: 5
      quality: 0.74774305307602507
      failure_reason: 0
      failure_reason_text: None
      coarse_corners_original_image:
         -
            - 3936.44091796875
            - 2574.75830078125
         -
            - 3877.7490234375
            - 1764.999267578125
         -
            - 3275.894287109375
            - 1844.4801025390625
         -
            - 3302.56298828125
            - 2542.416748046875
      refined_corners_original_image:
         -
            - 3905.47021484375
            - 2571.361572265625
         -
            - 3858.418701171875
            - 1775.718505859375
         -
            - 3267.2548828125
            - 1851.9359130859375
         -
            - 3290.984375
            - 2541.873291015625
      refined_valid:
         - 1
         - 1
         - 1
         - 1
