%YAML:1.0
---
format_version: outer_detection_cache_v1
absolute_image_path: "/Users/linzhaoxian/lzx-ws/project/calibr/tartancalib/image/dataset_4-22/right_record_20260421_141444_first20/right_vimbax_camera_right_image_raw_000014_1580637892600.png"
image_file_size: 6437923
image_mtime: 1776752091
detector_config_hash: d0b7f3cbd8257968
image_size:
   - 4512
   - 4512
requested_board_ids:
   - 1
   - 2
   - 3
   - 4
   - 5
detections:
   -
      success: 1
      board_id: 1
      detected_tag_id: 1
      quality: 0.98831260949800459
      failure_reason: 0
      failure_reason_text: None
      coarse_corners_original_image:
         -
            - 1911.7259521484375
            - 2520.3994140625
         -
            - 2492.80908203125
            - 2552.826171875
         -
            - 2520.5537109375
            - 1973.094482421875
         -
            - 1946.10693359375
            - 1943.9573974609375
      refined_corners_original_image:
         -
            - 1916.0263671875
            - 2522.657958984375
         -
            - 2491.5498046875
            - 2553.2109375
         -
            - 2519.084716796875
            - 1977.1480712890625
         -
            - 1949.9901123046875
            - 1949.987548828125
      refined_valid:
         - 1
         - 1
         - 1
         - 1
   -
      success: 0
      board_id: 2
      detected_tag_id: -1
      quality: 0.
      failure_reason: 2
      failure_reason_text: DetectionsExistButNoMatchingTagId
      coarse_corners_original_image:
         -
            - 0.
            - 0.
         -
            - 0.
            - 0.
         -
            - 0.
            - 0.
         -
            - 0.
            - 0.
      refined_corners_original_image:
         -
            - 0.
            - 0.
         -
            - 0.
            - 0.
         -
            - 0.
            - 0.
         -
            - 0.
            - 0.
      refined_valid:
         - 0
         - 0
         - 0
         - 0
   -
      success: 1
      board_id: 3
      detected_tag_id: 3
      quality: 0.87595586901235545
      failure_reason: 0
      failure_reason_text: None
      coarse_corners_original_image:
         -
            - 2418.04296875
            - 3072.977294921875
         -
            - 1929.1790771484375
            - 3049.66552734375
         -
            - 1914.218505859375
            - 3478.114013671875
         -
            - 2399.826416015625
            - 3501.76708984375
      refined_corners_original_image:
         -
            - 2419.365478515625
            - 3074.659912109375
         -
            - 1932.395263671875
            - 3052.088134765625
         -
            - 1919.1546630859375
            - 3476.706787109375
         -
            - 2400.329833984375
            - 3501.439453125
      refined_valid:
         - 1
         - 1
         - 1
         - 1
   -
      success: 1
      board_id: 4
      detected_tag_id: 4
      quality: 0.77457169299085837
      failure_reason: 0
      failure_reason_text: None
      coarse_corners_original_image:
         -
            - 735.17681884765625
            - 1814.6494140625
         -
            - 672.5321044921875
            - 2492.916748046875
         -
            - 1210.39013671875
            - 2494.006591796875
         -
            - 1256.0240478515625
            - 1898.80859375
      refined_corners_original_image:
         -
            - 751.32647705078125
            - 1824.874267578125
         -
            - 687.4638671875
            - 2495.961669921875
         -
            - 1218.98583984375
            - 2498.447998046875
         -
            - 1266.8150634765625
            - 1907.180908203125
      refined_valid:
         - 1
         - 1
         - 1
         - 1
   -
      success: 1
      board_id: 5
      detected_tag_id: 5
      quality: 0.76692608379849436
      failure_reason: 0
      failure_reason_text: None
      coarse_corners_original_image:
         -
            - 3798.13720703125
            - 2629.8173828125
         -
            - 3774.184814453125
            - 1879.3880615234375
         -
            - 3201.2431640625
            - 1936.8594970703125
         -
            - 3200.3154296875
            - 2577.903076171875
      refined_corners_original_image:
         -
            - 3781.433349609375
            - 2631.02978515625
         -
            - 3760.3505859375
            - 1891.515869140625
         -
            - 3196.257080078125
            - 1946.8416748046875
         -
            - 3197.812255859375
            - 2582.850341796875
      refined_valid:
         - 1
         - 1
         - 1
         - 1
