%YAML:1.0
---
format_version: outer_detection_cache_v1
absolute_image_path: "/Users/linzhaoxian/lzx-ws/project/calibr/tartancalib/image/dataset_4-22/right_record_20260421_141444_first20/right_vimbax_camera_right_image_raw_000002_1574866543300.png"
image_file_size: 6566331
image_mtime: 1776752085
detector_config_hash: d0b7f3cbd8257968
image_size:
   - 4512
   - 4512
requested_board_ids:
   - 1
   - 2
   - 3
   - 4
   - 5
detections:
   -
      success: 1
      board_id: 1
      detected_tag_id: 1
      quality: 0.98260590201786835
      failure_reason: 0
      failure_reason_text: None
      coarse_corners_original_image:
         -
            - 1887.8780517578125
            - 2511.58154296875
         -
            - 2525.56396484375
            - 2533.2734375
         -
            - 2540.0126953125
            - 1899.4384765625
         -
            - 1913.2550048828125
            - 1883.6536865234375
      refined_corners_original_image:
         -
            - 1893.32763671875
            - 2510.00830078125
         -
            - 2523.24072265625
            - 2531.486328125
         -
            - 2537.691162109375
            - 1904.82421875
         -
            - 1918.1173095703125
            - 1889.1456298828125
      refined_valid:
         - 1
         - 1
         - 1
         - 1
   -
      success: 0
      board_id: 2
      detected_tag_id: -1
      quality: 0.
      failure_reason: 2
      failure_reason_text: DetectionsExistButNoMatchingTagId
      coarse_corners_original_image:
         -
            - 0.
            - 0.
         -
            - 0.
            - 0.
         -
            - 0.
            - 0.
         -
            - 0.
            - 0.
      refined_corners_original_image:
         -
            - 0.
            - 0.
         -
            - 0.
            - 0.
         -
            - 0.
            - 0.
         -
            - 0.
            - 0.
      refined_valid:
         - 0
         - 0
         - 0
         - 0
   -
      success: 1
      board_id: 3
      detected_tag_id: 3
      quality: 0.85223469289264264
      failure_reason: 0
      failure_reason_text: None
      coarse_corners_original_image:
         -
            - 2452.941650390625
            - 3100.061767578125
         -
            - 1925.1973876953125
            - 3083.21826171875
         -
            - 1919.83056640625
            - 3533.17724609375
         -
            - 2439.60546875
            - 3552.59228515625
      refined_corners_original_image:
         -
            - 2452.85498046875
            - 3095.92236328125
         -
            - 1928.1783447265625
            - 3078.86572265625
         -
            - 1923.6409912109375
            - 3525.892822265625
         -
            - 2439.28466796875
            - 3546.286865234375
      refined_valid:
         - 1
         - 1
         - 1
         - 1
   -
      success: 1
      board_id: 4
      detected_tag_id: 4
      quality: 0.76688171606973665
      failure_reason: 0
      failure_reason_text: None
      coarse_corners_original_image:
         -
            - 634.38323974609375
            - 1776.7039794921875
         -
            - 576.87139892578125
            - 2496.873046875
         -
            - 1133.005126953125
            - 2494.388671875
         -
            - 1182.6505126953125
            - 1856.493896484375
      refined_corners_original_image:
         -
            - 657.47381591796875
            - 1786.5029296875
         -
            - 576.87139892578125
            - 2496.873046875
         -
            - 1149.503173828125
            - 2494.544921875
         -
            - 1192.3055419921875
            - 1862.0303955078125
      refined_valid:
         - 1
         - 1
         - 1
         - 1
   -
      success: 1
      board_id: 5
      detected_tag_id: 5
      quality: 0.7467009281219239
      failure_reason: 0
      failure_reason_text: None
      coarse_corners_original_image:
         -
            - 3926.665283203125
            - 2572.51513671875
         -
            - 3877.22802734375
            - 1762.7137451171875
         -
            - 3276.77783203125
            - 1843.0859375
         -
            - 3301.1611328125
            - 2540.91796875
      refined_corners_original_image:
         -
            - 3905.501220703125
            - 2571.33935546875
         -
            - 3858.371337890625
            - 1775.7252197265625
         -
            - 3267.243408203125
            - 1851.904052734375
         -
            - 3290.999267578125
            - 2541.865966796875
      refined_valid:
         - 1
         - 1
         - 1
         - 1
