cam0:
  cam_overlaps: []
  camera_model: ds
  distortion_coeffs: []
  distortion_model: none
  intrinsics: [-0.19312564773657126, 0.6132951325327287, 1164.4994369854726, 1164.470760605004, 2255.070357849204, 2269.6419392978223]
  resolution: [4512, 4512]
  rostopic: /vimbax_camera_37086/image_raw
